              1       -5.44963       -5.44963              0
              2       -5.47343       -5.46153      0.0118984
              3       -5.49414        -5.4724      0.0128575
              4       -5.49296       -5.47754      0.0104439
              5       -5.47567       -5.47717     0.00809847
              6       -5.44947       -5.47255     0.00806465
              7       -5.46342       -5.47124     0.00693962
              8       -5.44462       -5.46792     0.00686987
              9       -5.44493       -5.46536     0.00657492
             10       -5.43814       -5.46264     0.00648036
             11       -5.54638       -5.47025     0.00960772
             12       -5.52331       -5.47467     0.00982223
             13        -5.4536       -5.47305     0.00917945
             14       -5.46863       -5.47274     0.00850439
             15       -5.52985       -5.47654     0.00878516
             16       -5.50508       -5.47833     0.00840908
             17       -5.54354       -5.48216     0.00878116
             18       -5.44889       -5.48032      0.0084828
             19       -5.49214       -5.48094     0.00804803
             20       -5.47124       -5.48045     0.00765043
             21       -5.49846       -5.48131     0.00732733
             22       -5.43602       -5.47925     0.00728334
             23       -5.51453       -5.48079     0.00712654
             24       -5.44254       -5.47919     0.00700672
             25        -5.4582       -5.47835     0.00677285
             26       -5.50464       -5.47936     0.00658522
             27       -5.41289        -5.4769     0.00679807
             28       -5.40984       -5.47451     0.00697483
             29       -5.45224       -5.47374     0.00677369
             30       -5.45957       -5.47327     0.00656104
             31         -5.486       -5.47368     0.00635915
             32       -5.48215       -5.47394     0.00616291
             33       -5.53495       -5.47579     0.00625274
             34       -5.51962       -5.47708     0.00620154
             35       -5.43068       -5.47575     0.00616598
             36       -5.47474       -5.47573     0.00599232
             37       -5.49944       -5.47637     0.00586325
             38       -5.50906       -5.47723     0.00577135
             39       -5.50538       -5.47795     0.00566758
             40       -5.40308       -5.47608     0.00583253
             41        -5.4745       -5.47604     0.00568863
             42       -5.52122       -5.47712     0.00565479
             43       -5.55461       -5.47892     0.00580835
             44       -5.43838         -5.478      0.0057491
             45       -5.43704       -5.47709     0.00569312
             46       -5.48014       -5.47715     0.00556838
             47        -5.5288       -5.47825     0.00555832
             48       -5.52322       -5.47919     0.00552136
             49       -5.43584        -5.4783      0.0054794
             50       -5.43845       -5.47751     0.00542753
