           0           0           0
           0           0           0
           0           0           0
           0           0           0
           0           0           0
           0           0           0
           0           0           0
           0           0           0
           0           0           0
           0           0           0
           0           0           0
           0           0           0
           0           0           0
           0           0           0
           0           0           0
           0           0           0
           0      0.0002           0
           0      0.2927           0
           0       9.008           0
           0      42.091           0
           0     74.7813           0
           0      83.788           0
           0     78.1039           0
           0     68.0301           0
           0     58.7371           0
           0     51.6395           0
           0     47.1092           0
           0      44.101           0
           0     42.9745           0
           0     43.3561           0
           0     45.4074           0
           0     48.8704           0
           0     54.6383           0
           0     62.4988           0
           0      72.247           0
           0     83.8255           0
           0     96.9091           0
           0     111.162           0
           0     124.318           0
           0     137.376           0
           0     146.739           0
           0     152.258           0
           0     154.642           0
           0     154.721           0
           0     153.417           0
           0     152.642           0
           0     152.105           0
           0     152.943           0
           0     155.376           0
           0     158.452           0
           0     161.921           0
           0     161.746           0
           0     161.283           0
           0     161.152           0
           0     161.322           0
           0     161.003           0
           0     158.955           0
           0     156.402           0
           0     152.091           0
           0     145.579           0
           0     137.596           0
           0     128.237           0
           0     118.559           0
           0     107.912           0
           0     97.7262           0
           0      88.176           0
           0     78.8604           0
           0     69.7718           0
           0     61.2946           0
           0     52.7392           0
           0     44.1852           0
           0     37.4058           0
           0     32.0805           0
           0     27.6474           0
           0      23.542           0
           0     19.8478           0
           0     16.0218           0
           0       12.63           0
           0      9.4286           0
           0      6.8139           0
           0      4.7189           0
           0      3.1597           0
           0      1.9085           0
           0      1.0761           0
           0      0.4884           0
           0      0.1487           0
           0      0.0071           0
           0           0           0
           0           0           0
           0           0           0
           0           0           0
           0           0           0
           0           0           0
           0           0           0
           0           0           0
           0           0           0
           0           0           0
           0           0           0
           0           0           0
           0           0           0
