           1    -2.04158    -2.04158           0
           2   -0.509361    -1.27547     0.76611
           3    0.349521   -0.733807    0.699315
           4   -0.110809   -0.578058    0.518439
           5   -0.150721    -0.49259    0.410575
           6    0.391776   -0.345196    0.366205
           7    0.814212   -0.179566    0.351032
           8    0.846408  -0.0513195    0.329947
           9    0.475609   0.0072281    0.296817
          10     0.38026   0.0445313    0.268089
          11    0.789273    0.112235     0.25177
          12     1.02282    0.188117    0.242036
          13    0.932445    0.245373    0.229885
          14     1.00531    0.299655    0.219645
          15    0.615583    0.320717    0.205561
          16    0.936543    0.359206    0.196099
          17      0.8971    0.390847      0.1869
          18     0.96543    0.422768    0.179079
          19    0.924852    0.449193    0.171441
          20     1.11086    0.482277    0.165974
          21    0.473242    0.481847    0.157873
          22     1.09156    0.509561    0.153056
          23     1.68197    0.560535    0.154879
          24     1.64845    0.605865    0.155059
          25     1.82961    0.654815    0.156576
          26     1.45254    0.685496     0.15353
          27     1.33227    0.709451    0.149664
          28     1.40688    0.734359    0.146355
          29     1.14578    0.748546    0.141929
          30     1.07636    0.759473    0.137551
          31     1.70345    0.789924     0.13648
          32     1.18335    0.802218    0.132717
          33    0.802436    0.802225    0.128633
          34     1.07189    0.810156    0.125044
          35     1.20886    0.821548    0.121952
          36     1.00603    0.826672    0.118626
          37     1.07768    0.833456    0.115575
          38     1.27193    0.844995    0.113083
          39     1.43724    0.860181    0.111187
          40    0.858488    0.860139    0.108372
          41     1.38028    0.872825    0.106454
          42     1.09055    0.878009    0.104018
          43     1.13379    0.883958    0.101744
          44     1.28838    0.893149   0.0998287
          45     1.15889    0.899054   0.0977636
          46     1.08239     0.90304   0.0956977
          47     1.39538    0.913515   0.0942236
          48     1.69334    0.929762   0.0936596
          49     1.28141    0.936938   0.0920085
          50    0.806997    0.934339    0.090187
          51     1.12663     0.93811   0.0884813
          52     1.33968    0.945832   0.0871061
          53     1.79751    0.961902   0.0869447
          54     1.55473     0.97288   0.0860228
          55     1.06373    0.974532   0.0844604
          56      1.1954    0.978476   0.0830322
          57     1.32508    0.984556   0.0817888
          58     1.51328    0.993672   0.0808817
          59     1.57416     1.00351   0.0801055
          60     1.54925     1.01261   0.0792826
          61     1.62071     1.02258   0.0786067
          62     1.40848      1.0288   0.0775786
          63     1.07072     1.02947   0.0763401
          64     1.31142     1.03387   0.0752669
          65     1.50178     1.04107   0.0744487
          66     1.78913      1.0524    0.074183
          67     1.67746     1.06173   0.0736606
          68     1.37642     1.06636   0.0727167
          69     1.00728      1.0655   0.0716602
          70     1.28833     1.06869   0.0707007
          71     1.62753     1.07656   0.0701409
          72     1.66261      1.0847   0.0696372
          73     1.58103      1.0915   0.0690123
          74     1.85527     1.10182   0.0688513
          75     1.39635     1.10575   0.0680406
          76     1.37325     1.10927   0.0672315
          77      1.2481     1.11107   0.0663771
          78     1.14907     1.11156   0.0655224
          79     1.00032     1.11015    0.064703
          80     1.23757     1.11174    0.063909
          81     1.46255     1.11607   0.0632635
          82     1.44266     1.12005    0.062614
          83     1.19256     1.12093   0.0618612
          84     1.39629     1.12421   0.0612081
          85    0.889988     1.12145   0.0605465
          86    0.775363     1.11743   0.0599735
          87     1.11634     1.11741   0.0592801
          88     1.61909     1.12311   0.0588793
          89     2.07125     1.13377   0.0591807
          90      1.7912     1.14107   0.0589736
          91     1.23415      1.1421   0.0583309
          92    0.770219     1.13805   0.0578348
          93     1.05634     1.13717   0.0572163
          94     1.17237     1.13755   0.0566056
          95     1.35517     1.13984   0.0560534
          96     1.25032     1.14099   0.0554784
          97     1.61486     1.14588   0.0551203
          98     1.32255     1.14768   0.0545848
          99     1.13675     1.14757   0.0540307
         100      1.1919     1.14801   0.0534895
         101     0.97101     1.14626   0.0529863
         102     1.34804     1.14824   0.0525015
         103     1.94113     1.15594   0.0525561
         104     1.61392     1.16034   0.0522343
         105     1.80493     1.16648   0.0520974
         106     1.99686     1.17431   0.0521948
         107     1.63946     1.17866   0.0518871
         108     1.54323     1.18203   0.0515151
         109     1.53856     1.18531    0.051145
         110     1.72211     1.19019   0.0509123
         111     1.69063     1.19469   0.0506526
         112     1.44008     1.19688   0.0502461
         113     1.21067     1.19701   0.0497996
         114     1.50328     1.19969   0.0494339
         115     1.13062     1.19909   0.0490059
         116    0.675292     1.19458    0.048791
         117     1.25054     1.19506   0.0483745
         118     1.46501     1.19734   0.0480173
         119      1.0492      1.1961   0.0476284
         120     1.20099     1.19614   0.0472298
         121    0.720828     1.19221   0.0470023
         122    0.928601     1.19005   0.0466655
         123     1.33534     1.19123   0.0462996
         124    0.901005     1.18889   0.0459843
         125     1.08465     1.18806   0.0456226
         126     1.34412      1.1893    0.045276
         127     1.55538     1.19218   0.0450105
         128     1.55699     1.19503   0.0447483
         129     1.29828     1.19583   0.0444073
         130     1.71338     1.19981   0.0442439
         131     1.71262     1.20372    0.044079
         132     1.48121     1.20583   0.0437943
         133     2.01607     1.21192   0.0438886
         134     1.39412     1.21328   0.0435811
         135     1.58723     1.21605   0.0433456
         136     1.52589     1.21833    0.043086
         137     1.32626     1.21911   0.0427776
         138     1.48448     1.22104     0.04251
         139     1.18598     1.22079   0.0422038
         140     1.58463     1.22338   0.0419818
         141     1.38845     1.22455   0.0416994
         142      1.4692     1.22628   0.0414406
         143     1.45129     1.22785   0.0411798
         144     1.70593     1.23117   0.0410274
         145     1.75613     1.23479    0.040904
         146     1.40738     1.23597   0.0406401
         147     1.30388     1.23644   0.0403653
         148     1.66749     1.23935   0.0401973
         149      1.4464     1.24074   0.0399508
         150     1.44296     1.24209   0.0397064
         151     1.52846     1.24398   0.0394882
         152     1.46917     1.24546   0.0392555
         153     1.19663     1.24514   0.0389994
         154     1.84097     1.24901    0.038938
         155     1.99894     1.25385   0.0389873
         156     1.65919     1.25645   0.0388237
         157     1.27019     1.25654   0.0385757
         158     1.12788     1.25572   0.0383394
         159    0.739846     1.25248   0.0382354
         160    0.857951     1.25001   0.0380756
         161     1.24497     1.24998   0.0378384
         162     1.10757      1.2491   0.0376144
         163     1.13171     1.24838   0.0373898
         164      1.2247     1.24824   0.0371614
         165     1.30312     1.24857    0.036937
         166    0.794362     1.24583   0.0368157
         167     1.39081      1.2467   0.0366048
         168      1.2594     1.24678   0.0363864
         169    0.908363     1.24478   0.0362258
         170     1.09908     1.24392   0.0360223
         171    0.873888     1.24175   0.0358763
         172     1.00989     1.24041   0.0356926
         173      1.5618     1.24226   0.0355343
         174     1.19601       1.242   0.0353305
         175     1.50926     1.24353   0.0351612
         176     1.13072     1.24289   0.0349667
         177     0.93207     1.24113   0.0348129
         178    0.896997      1.2392   0.0346707
         179     1.46086     1.24043   0.0344987
         180      1.6005     1.24243   0.0343648
         181     1.64715     1.24467   0.0342475
         182     1.68252     1.24708   0.0341437
         183     1.53381     1.24864   0.0339927
         184     1.51934     1.25011   0.0338395
         185     1.58382     1.25192   0.0337043
         186     1.14518     1.25134   0.0335276
         187     1.68579     1.25367   0.0334286
         188     1.58409     1.25543   0.0332967
         189     1.13406     1.25478   0.0331263
         190     0.67926     1.25175   0.0330904
         191    0.994342     1.25041   0.0329443
         192     1.00723     1.24914   0.0327968
         193    0.773735     1.24668   0.0327192
         194    0.468794     1.24267   0.0327962
         195    0.839893      1.2406   0.0326929
         196    0.855926     1.23864   0.0325848
         197     1.21191      1.2385   0.0324193
         198     1.32594     1.23894   0.0322581
         199     1.47342     1.24012   0.0321172
         200     1.39421     1.24089   0.0319655
         201     1.51001     1.24223   0.0318343
         202     1.49075     1.24346   0.0317002
         203     2.19189     1.24813   0.0318878
         204     1.47459     1.24924   0.0317505
         205     1.92675     1.25255   0.0317676
         206     2.06305     1.25648   0.0318569
         207       1.944     1.25981   0.0318761
         208     1.61789     1.26153   0.0317692
         209     1.44442      1.2624   0.0316289
         210      1.3582     1.26286   0.0314813
         211     1.65788     1.26473   0.0313876
         212     1.39501     1.26534   0.0312452
         213     1.75777     1.26766    0.031184
         214     2.04091     1.27127   0.0312476
         215    0.996273     1.26999   0.0311282
         216     1.45648     1.27085   0.0309957
         217     1.08765     1.27001   0.0308641
         218     1.42512     1.27072   0.0307305
         219     1.46756     1.27162    0.030603
         220     1.24643     1.27151   0.0304638
         221     1.35357     1.27188   0.0303279
         222    0.778976     1.26966   0.0302725
         223     1.14871     1.26911   0.0301414
         224    0.990501     1.26787   0.0300323
         225       1.081     1.26704     0.02991
         226     1.07229     1.26618   0.0297899
         227     1.15882     1.26571   0.0296621
         228     1.05461     1.26478   0.0295462
         229      1.7157     1.26675   0.0294827
         230      1.7337     1.26878   0.0294244
         231     1.31781     1.26899   0.0292975
         232     1.29407      1.2691   0.0291712
         233    0.933841     1.26766   0.0290813
         234    0.651866     1.26503   0.0290761
         235      1.1979     1.26474   0.0289535
         236     1.21782     1.26454   0.0288313
         237     1.03981      1.2636    0.028725
         238     1.50828     1.26462   0.0286225
         239    0.866702     1.26296   0.0285511
         240      1.1215     1.26237    0.028438
         241     1.06163     1.26154    0.028332
         242      1.9465     1.26437   0.0283563
         243     1.39407      1.2649   0.0282444
         244     1.42766     1.26557   0.0281363
         245     1.87717     1.26806   0.0281322
         246     1.49969     1.26901   0.0280334
         247     1.85667     1.27139   0.0280209
         248     1.24736     1.27129   0.0279079
         249     1.25453     1.27122   0.0277956
         250      2.0722     1.27442    0.027869
         251     1.44904     1.27512   0.0277665
         252     1.67344      1.2767   0.0277012
         253     1.27314     1.27669   0.0275915
         254    0.676495     1.27432   0.0275841
         255    0.551162     1.27149   0.0276216
         256    0.910162     1.27008   0.0275497
         257    0.905508     1.26866   0.0274789
         258    0.894124     1.26721   0.0274107
         259      1.3192     1.26741   0.0273054
         260    0.541433     1.26462   0.0273431
         261    0.803086     1.26285   0.0272955
         262     1.35777     1.26321   0.0271935
         263    0.744546     1.26124   0.0271616
         264     0.73267     1.25923   0.0271325
         265    0.979839     1.25818   0.0270505
         266     1.43712     1.25885    0.026957
         267     1.47189     1.25965   0.0268677
         268      1.4391     1.26032   0.0267756
         269     2.13131     1.26356   0.0268717
         270     1.70912     1.26521   0.0268228
         271     1.62909     1.26655   0.0267573
         272     2.34016      1.2705   0.0269494
         273     1.90713     1.27283   0.0269516
         274     2.14806     1.27602   0.0270424
         275     1.26393     1.27598   0.0269439
         276    0.960325     1.27484   0.0268704
         277     1.04675     1.27401   0.0267859
         278     0.84909     1.27249   0.0267331
         279     1.33993     1.27273   0.0266382
         280     1.63308     1.27401   0.0265741
         281     1.02363     1.27312   0.0264943
         282    0.859214     1.27166    0.026441
         283     1.18744     1.27136   0.0263491
         284     1.05671      1.2706    0.026267
         285     2.09304     1.27349   0.0263333
         286     1.61622     1.27469   0.0262684
         287     1.05031      1.2739   0.0261884
         288      1.1881     1.27361    0.026099
         289    0.954663      1.2725   0.0260319
         290     1.29562     1.27258   0.0259421
         291     1.25744     1.27253   0.0258529
         292     1.46073     1.27317   0.0257722
         293     1.33793      1.2734   0.0256851
         294     1.01923     1.27253   0.0256122
         295    0.847059     1.27109   0.0255659
         296     1.18153     1.27079   0.0254812
         297     1.26068     1.27075   0.0253953
         298     1.63326     1.27197   0.0253391
         299     1.32655     1.27215   0.0252549
         300     1.30411     1.27226   0.0251708
         301     1.57591     1.27327   0.0251073
         302     1.46721     1.27391   0.0250323
         303     0.94066     1.27281   0.0249738
         304     1.25139     1.27274   0.0248916
         305     1.10221     1.27218   0.0248161
         306     1.20571     1.27196   0.0247358
         307      1.4011     1.27238   0.0246587
         308     1.39853     1.27279    0.024582
         309     1.17195     1.27247   0.0245044
         310     1.10282     1.27192   0.0244314
         311     1.23076     1.27179   0.0243531
         312     1.10323     1.27125   0.0242809
         313     1.48378     1.27193   0.0242127
         314     1.25144     1.27186   0.0241356
         315     1.26045     1.27182   0.0240589
         316     1.51614      1.2726   0.0239951
         317     1.63045     1.27373   0.0239459
         318     1.49001     1.27441   0.0238801
         319     1.20625     1.27419   0.0238061
         320     1.33034     1.27437   0.0237323
         321    0.726896     1.27266   0.0237196
         322    0.999627     1.27181    0.023661
         323     1.56681     1.27273   0.0236053
         324     1.72588     1.27413   0.0235739
         325     1.07188      1.2735   0.0235095
         326     1.27674     1.27351   0.0234373
         327     1.45751     1.27408   0.0233723
         328      1.4684     1.27467   0.0233084
         329      1.3199     1.27481   0.0232379
         330      1.0125     1.27401    0.023181
         331     1.03511     1.27329   0.0231221
         332     1.20097     1.27307   0.0230534
         333     1.89332     1.27493   0.0230594
         334     1.55225     1.27577   0.0230052
         335     1.61045     1.27676   0.0229582
         336     1.22111      1.2766   0.0228904
         337     1.34995     1.27682   0.0228234
         338     1.21424     1.27663   0.0227565
         339     1.39987     1.27699   0.0226922
         340     1.49326     1.27763   0.0226343
         341     1.70462     1.27888   0.0226025
         342     1.37364     1.27916   0.0225381
         343     2.00627     1.28128    0.022572
         344     1.71474     1.28254   0.0225416
         345     1.48683     1.28313   0.0224839
         346     1.88097     1.28486   0.0224853
         347     1.72666     1.28613   0.0224566
         348     1.41374      1.2865   0.0223949
         349     1.10455     1.28598   0.0223368
         350      1.3694     1.28622   0.0222741
         351     1.74648     1.28753   0.0222493
         352     1.91488     1.28931   0.0222574
         353      1.9047     1.29105   0.0222626
         354     1.61787     1.29198   0.0222189
         355      1.6265     1.29292   0.0221762
         356     1.76272     1.29424   0.0221532
         357     1.26152     1.29415   0.0220912
         358       1.536     1.29482   0.0220398
         359     1.15305     1.29443   0.0219819
         360     1.49897       1.295   0.0219281
         361      1.1614     1.29463   0.0218704
         362     1.56955     1.29539   0.0218231
         363     1.45276     1.29582   0.0217672
         364     1.46603     1.29629   0.0217124
         365     1.23943     1.29613   0.0216534
         366     1.32358     1.29621   0.0215942
         367     1.22204       1.296   0.0215363
         368    0.852098      1.2948   0.0215115
         369     1.44533     1.29521    0.021457
         370     1.09958     1.29468   0.0214055
         371     1.10063     1.29415   0.0213541
         372    0.935864     1.29319   0.0213184
         373     1.25447     1.29309   0.0212614
         374     1.42598     1.29344   0.0212075
         375    0.662545     1.29176   0.0212176
         376    0.955877     1.29087     0.02118
         377     1.07149     1.29028   0.0211317
         378    0.795695     1.28898   0.0211163
         379     1.13696     1.28857   0.0210644
         380    0.805981      1.2873   0.0210472
         381    0.418737     1.28503   0.0211153
         382     1.30596     1.28508   0.0210601
         383    0.896098     1.28406   0.0210295
         384     1.27631     1.28404   0.0209747
         385     1.60012     1.28487   0.0209363
         386     2.17551     1.28717    0.021009
         387     1.80537     1.28851   0.0209974
         388        1.25     1.28841   0.0209435
         389     1.08366     1.28789   0.0208962
         390     1.24741     1.28778   0.0208428
         391     1.97894     1.28955   0.0208644
         392     1.27157      1.2895   0.0208112
         393    0.689867     1.28798   0.0208142
         394     1.03246     1.28733   0.0207714
         395    0.682601      1.2858   0.0207752
         396    0.538171     1.28391   0.0208085
         397    0.698295     1.28244   0.0208084
         398    0.804582     1.28123   0.0207908
         399     1.15276     1.28091   0.0207411
         400     0.63677      1.2793   0.0207517
         401     1.37595     1.27954   0.0207013
         402     1.25024     1.27947   0.0206499
         403     1.41438     1.27981   0.0206013
         404     1.76024     1.28099   0.0205846
         405    0.985609     1.28027   0.0205467
         406     1.46037     1.28071   0.0205008
         407    0.838077     1.27962   0.0204793
         408    0.839113     1.27854   0.0204575
         409      1.1981     1.27834   0.0204084
         410     1.04291     1.27777   0.0203667
         411      1.2355     1.27767   0.0203173
         412    0.768669     1.27643   0.0203056
         413     1.56366     1.27713   0.0202683
         414      1.3741     1.27736   0.0202206
         415     1.56904     1.27806   0.0201841
         416     1.16565     1.27779   0.0201373
         417     1.11041     1.27739    0.020093
         418     0.30014     1.27506   0.0201807
         419    0.659333     1.27359   0.0201861
         420      1.3689     1.27381   0.0201392
         421     1.91963     1.27535   0.0201498
         422    0.869609     1.27439    0.020125
         423    0.847737     1.27338   0.0201027
         424     1.28973     1.27342   0.0200552
         425     1.64896      1.2743   0.0200275
         426     1.18711     1.27409   0.0199815
         427    0.887442     1.27319   0.0199552
         428     1.31916      1.2733   0.0199088
         429     1.29153     1.27334   0.0198624
         430     1.27063     1.27333   0.0198161
         431     1.15704     1.27306   0.0197719
         432    0.957546     1.27233   0.0197396
         433     1.26023      1.2723    0.019694
         434     1.18865     1.27211   0.0196495
         435     2.11378     1.27405   0.0196996
         436     1.56116      1.2747   0.0196653
         437     1.10783     1.27432    0.019624
         438     1.55037     1.27495   0.0195893
         439     1.29756       1.275   0.0195447
         440     1.22788      1.2749   0.0195005
         441     1.27201     1.27489   0.0194562
         442     1.77283     1.27602   0.0194448
         443     2.04905     1.27776   0.0194792
         444     2.24349     1.27994   0.0195566
         445     1.91946     1.28137   0.0195655
         446      1.6964     1.28231   0.0195437
         447     1.28789     1.28232      0.0195
         448     1.45491      1.2827   0.0194602
         449     1.03668     1.28216   0.0194245
         450     1.55502     1.28276   0.0193908
         451     1.18499     1.28254    0.019349
         452     1.10027     1.28214   0.0193103
         453     1.09866     1.28174   0.0192719
         454     1.09944     1.28133   0.0192336
         455     1.29958     1.28138   0.0191913
         456     1.07952     1.28093   0.0191543
         457     1.29379     1.28096   0.0191124
         458     1.27403     1.28095   0.0190706
         459     1.29871     1.28098   0.0190291
         460     1.63219     1.28175    0.019003
         461     2.24379     1.28383   0.0190762
         462     1.50791     1.28432   0.0190411
         463     1.50091     1.28479   0.0190056
         464      1.3045     1.28483   0.0189647
         465     1.50092     1.28529   0.0189296
         466     1.20706     1.28513   0.0188896
         467    0.735783     1.28395   0.0188858
         468    0.720617     1.28275   0.0188838
         469     1.20084     1.28257   0.0188443
         470     1.25272     1.28251   0.0188043
         471     0.93716     1.28178   0.0187786
         472    0.937377     1.28105    0.018753
         473     1.18932     1.28085   0.0187143
         474     1.11724     1.28051    0.018678
         475     1.54375     1.28106   0.0186469
         476     1.67104     1.28188   0.0186257
         477    0.926326     1.28113   0.0186015
         478    0.532656     1.27957   0.0186285
         479     1.00959     1.27901   0.0185981
         480    0.832091     1.27807   0.0185827
         481    0.953919      1.2774   0.0185562
         482     1.35977     1.27757   0.0185185
         483     1.73052     1.27851   0.0185039
         484     1.30589     1.27857   0.0184657
         485     1.51314     1.27905   0.0184339
         486     1.63309     1.27978   0.0184104
         487     1.40466     1.28003   0.0183743
         488     0.71173     1.27887   0.0183736
         489    0.275959     1.27682   0.0184503
         490    0.333823     1.27489   0.0185129
         491    0.422387     1.27316   0.0185566
         492     1.24847     1.27311   0.0185189
         493     1.74827     1.27407   0.0185064
         494      1.4956     1.27452   0.0184744
         495     1.13088     1.27423   0.0184393
         496     1.35155     1.27439   0.0184027
         497     1.52707     1.27489   0.0183727
         498     1.74107     1.27583   0.0183597
         499     1.96402     1.27721   0.0183747
         500     2.27536     1.27921   0.0184462
