           0           0           0
           0           0           0
           0           0           0
           0           0           0
           0           0           0
           0           0           0
           0      0.0011           0
           0      2.6584           0
           0     11.6234           0
           0     13.0955           0
           0     12.5314           0
           0     12.5855           0
           0     13.3277           0
           0     14.6661           0
           0     16.5235           0
           0     18.7869           0
           0     21.0371           0
           0     23.5375           0
           0     25.8849           0
           0     28.5503           0
           0     31.2856           0
           0     34.1373           0
           0      37.266           0
           0     40.6323           0
           0      43.923           0
           0     47.5776           0
           0     51.0889           0
           0     54.8892           0
           0     59.0813           0
           0     63.0911           0
           0     67.4277           0
           0     71.9799           0
           0     76.6641           0
           0     81.2014           0
           0      86.073           0
           0     91.2016           0
           0     96.4431           0
           0     101.868           0
           0     107.264           0
           0     112.818           0
           0     118.497           0
           0     124.576           0
           0     130.442           0
           0     136.522           0
           0     143.235           0
           0     149.426           0
           0      156.52           0
           0     163.142           0
           0     169.788           0
           0     177.125           0
           0     178.401           0
           0     174.667           0
           0     170.594           0
           0     166.222           0
           0     161.186           0
           0     156.384           0
           0     150.947           0
           0      145.59           0
           0     139.624           0
           0     133.231           0
           0     126.755           0
           0     119.994           0
           0     112.765           0
           0     105.561           0
           0     97.7616           0
           0     90.0518           0
           0     81.5618           0
           0     73.1397           0
           0     64.3047           0
           0     55.1124           0
           0     45.7007           0
           0     37.7249           0
           0     31.5981           0
           0     26.1751           0
           0     21.7135           0
           0     17.7961           0
           0     14.2997           0
           0     11.3302           0
           0      8.8634           0
           0      6.6632           0
           0      4.8735           0
           0       3.342           0
           0      2.1327           0
           0      1.2023           0
           0      0.5745           0
           0      0.1535           0
           0      0.0077           0
           0           0           0
           0           0           0
           0           0           0
           0           0           0
           0           0           0
           0           0           0
           0           0           0
           0           0           0
           0           0           0
           0           0           0
           0           0           0
           0           0           0
           0           0           0
