           1     7.95095     7.95095           0
           2     7.83879     7.89487   0.0560817
           3     8.04408     7.94461   0.0593463
           4     7.83685     7.91767   0.0498667
           5     7.83168     7.90047   0.0422817
           6     7.90206     7.90074   0.0345239
           7     7.84848     7.89327   0.0301178
           8     7.93246     7.89817   0.0265387
           9     7.91212     7.89972   0.0234562
          10     7.98416     7.90816   0.0226153
           1 1.20034e+11 1.20034e+11           0
           2 1.18773e+11 1.19403e+11 6.30071e+08
           3 1.19401e+11 1.19403e+11 3.63773e+08
           4 1.20907e+11 1.19779e+11 4.55604e+08
           5 1.30111e+11 1.21845e+11 2.09637e+09
           6 1.27246e+11 1.22745e+11 1.93395e+09
           7 1.20064e+11 1.22362e+11 1.67877e+09
           8 1.18853e+11 1.21924e+11 1.51858e+09
           9 1.19665e+11 1.21673e+11 1.36258e+09
          10 1.20421e+11 1.21547e+11 1.22513e+09
           1     7.52453     7.52453           0
           2     7.73852     7.63152    0.106994
           3     7.57995     7.61433   0.0641208
           4     7.65304     7.62401   0.0463617
           5     7.65118     7.62944   0.0363204
           6     7.59666     7.62398   0.0301545
           7     7.72922     7.63901   0.0295897
           8     7.54758     7.62758   0.0280587
           9     7.59417     7.62387   0.0250225
          10     7.70067     7.63155   0.0236617
           1   0.0538088   0.0538088           0
           2   0.0554152    0.054612 0.000803229
           3     0.05644   0.0552214 0.000765741
           4   0.0558239    0.055372 0.000562023
           5   0.0577857   0.0558547  0.00065005
           6   0.0576485   0.0561537 0.000609166
           7   0.0583661   0.0564697 0.000604112
           8   0.0559466   0.0564044 0.000527247
           9   0.0567178   0.0564392 0.000466291
          10   0.0571113   0.0565064 0.000422443
           1 1.53925e+10 1.53925e+10           0
           2 8.96912e+12 4.49226e+12 4.47687e+12
           3 9.35109e+09 2.99796e+12 2.98558e+12
           4 1.77755e+12 2.69286e+12 2.13306e+12
           1     12574.9     12574.9           0
           2     13186.4     12880.7     305.741
           3     12850.2     12870.5     176.811
           4     13781.1     13098.2     259.721
           5     12566.5     12991.8     227.551
           6     13743.4     13117.1     224.077
           7       12910     13087.5     191.677
           8     13136.6     13093.6     166.111
           9     13568.5     13146.4     155.708
          10     12618.9     13093.7     148.924
           1   0.0536542   0.0536542           0
           2   0.0560028   0.0548285  0.00117428
           3   0.0547139   0.0547903 0.000679044
           4   0.0557257   0.0550242 0.000534068
           5   0.0567809   0.0553755 0.000542752
           6   0.0566745    0.055592 0.000493212
           7   0.0572693   0.0558316 0.000480806
           8   0.0549306    0.055719 0.000431355
           9   0.0569081   0.0558511  0.00040271
          10     0.05704     0.05597 0.000379309
           1 6.61125e+08 6.61125e+08           0
           2 4.47977e+08 5.54551e+08 1.06574e+08
           3 1.61329e+10 5.74733e+09 5.19315e+09
           4 1.31732e+10 7.60381e+09 4.11471e+09
           5 2.05751e+08  6.1242e+09 3.51394e+09
           6 2.82098e+15 4.70168e+14 4.70162e+14
           7 7.59919e+16  1.1259e+16 1.07961e+16
           8  1.9468e+15  1.0095e+16 9.42191e+15
           9 9.91411e+12  8.9744e+15 8.38456e+15
          10  2.8159e+11 8.07699e+15 7.55288e+15
           1 2.02281e+14 2.02281e+14           0
           2 4.66653e+15 2.43441e+15 2.23213e+15
           3 8.13815e+14 1.89421e+15 1.39736e+15
           4 6.63391e+13 1.43724e+15 1.08863e+15
           5 6.60628e+13 1.16301e+15 8.86724e+14
           6 2.18839e+13 9.72819e+14  7.4857e+14
           7 4.36806e+13 8.40085e+14 6.46431e+14
           8   1.165e+15 8.80699e+14 5.61297e+14
           9  3.8028e+13 7.87069e+14 5.03795e+14
          10 9.03974e+13 7.17401e+14 4.55961e+14
           1     6.22282     6.22282           0
           2     6.60787     6.41535    0.192521
           3     6.63227     6.48765    0.132601
           4      6.6224     6.52134   0.0996308
           5     6.64405     6.54588    0.080982
           6     6.62002     6.55824   0.0672662
           7      6.6398     6.56989   0.0580322
           8     6.62974     6.57737   0.0508111
           9     6.62729     6.58292   0.0451531
          10     6.64148     6.58877   0.0408085
           1     6.22282     6.22282           0
           2     6.60787     6.41535    0.192521
           3     6.63227     6.48765    0.132601
           4      6.6224     6.52134   0.0996308
           5     6.64405     6.54588    0.080982
           6     6.62002     6.55824   0.0672662
           7      6.6398     6.56989   0.0580322
           8     6.62974     6.57737   0.0508111
           9     6.62729     6.58292   0.0451531
          10     6.64148     6.58877   0.0408085
           1   0.0510935   0.0510935           0
           2   0.0520449   0.0515692 0.000475724
           3    0.050533   0.0512238 0.000441303
           4   0.0483983   0.0505174 0.000772236
           5   0.0502463   0.0504632 0.000600624
           6    0.049942   0.0503763  0.00049804
           7   0.0472869    0.049935 0.000609883
           8   0.0492178   0.0498453 0.000535729
           9   0.0482113   0.0496638 0.000506153
          10   0.0485342   0.0495508 0.000466596
           1 2.64233e+25 2.64233e+25           0
           2 3.74682e+31 1.87341e+31 1.87341e+31
           3 1.35784e+42 4.52614e+41 4.52614e+41
           4 2.02406e+32  3.3946e+41  3.3946e+41
           5 3.42357e+38 2.71637e+41 2.71551e+41
           6 5.60156e+26 2.26364e+41 2.26296e+41
           7  2.3737e+24 1.94026e+41 1.93969e+41
           8 4.97758e+28 1.69773e+41 1.69724e+41
           9 9.77733e+34 1.50909e+41 1.50867e+41
          10 1.27754e+29 1.35818e+41  1.3578e+41
           1  2.6797e+28  2.6797e+28           0
           2 1.05055e+29  6.5926e+28  3.9129e+28
           3 2.37008e+29 1.22953e+29 6.13391e+28
           4 1.25738e+30 4.06561e+29 2.86905e+29
           5  3.4508e+30 1.01541e+30  6.4814e+29
           6 1.37989e+32 2.38444e+31 2.28351e+31
           7 1.79998e+18 2.04381e+31 1.95975e+31
           8 1.62289e+34 2.04649e+33 2.02613e+33
           9  1.5789e+36 1.77252e+35 1.75215e+35
          10 5.86087e+37 6.02039e+36 5.84524e+36
           1 8.25206e+16 8.25206e+16           0
           2 4.52203e+20 2.26143e+20  2.2606e+20
           3 5.06649e+20 3.19645e+20 1.60552e+20
           4 6.09974e+15 2.39735e+20 1.38831e+20
           5 2.54527e+16 1.91793e+20 1.17741e+20
           6 2.41835e+19 1.63858e+20 1.00111e+20
           7   9.739e+16 1.40464e+20 8.77842e+19
           8 6.22085e+15 1.22907e+20 7.80244e+19
           9 1.89545e+18 1.09461e+20 7.01124e+19
          10 6.08614e+19 1.04601e+20 6.28985e+19
           1     4.81271     4.81271           0
           2     4.81472     4.81372  0.00100484
           3     4.91139     4.84627   0.0325632
           4     4.79153     4.83259   0.0267861
           5     4.83705     4.83348   0.0207676
           6     4.81726     4.83078   0.0171709
           7     4.83535     4.83143   0.0145268
           8      4.8887     4.83859   0.0144747
           9     4.86916     4.84199   0.0132099
          10     4.90454     4.84824   0.0133692
           1     4.80592     4.80592           0
           2     4.86702     4.83647   0.0305473
           3     4.81848     4.83047   0.0186278
           4      4.8359     4.83183   0.0132415
           5     4.82874     4.83121   0.0102754
           6     4.79203     4.82468   0.0106322
           7     4.87048     4.83122   0.0111155
           8     4.87882     4.83717   0.0113161
           9     4.89149     4.84321   0.0116626
          10       4.934     4.85229   0.0138293
           1 3.48986e+20 3.48986e+20           0
           2 8.63118e+19 2.17649e+20 1.31337e+20
           3 1.55667e+19 1.50288e+20 1.01426e+20
           4 4.82257e+19 1.24772e+20 7.61227e+19
           5 1.59004e+20 1.31619e+20 5.93605e+19
           6 1.25134e+18 1.09891e+20 5.31151e+19
           7 2.38038e+16 9.41955e+19 4.75552e+19
           8 2.15865e+17 8.24481e+19 4.28267e+19
           9 3.27916e+19 7.69307e+19 3.81705e+19
          10 1.50214e+19 7.07398e+19 3.46975e+19
           1  1.0501e+16  1.0501e+16           0
           2 5.77423e+16 3.41217e+16 2.36206e+16
           3 1.56372e+22 5.21241e+21 5.21238e+21
           4 3.56019e+20 3.99831e+21 3.88052e+21
           5 1.31623e+19 3.20128e+21 3.10972e+21
           6 6.83967e+22 1.40672e+22 1.11586e+22
           7 4.93839e+17 1.20577e+22 9.64247e+21
           8 5.01315e+18 1.05511e+22 8.48544e+21
           9 6.80728e+18 9.37949e+21 7.57461e+21
          10  1.7453e+19 8.44329e+21 6.83932e+21
           1 3.95438e+35 3.95438e+35           0
           2 9.35177e+36  4.8736e+36 4.47817e+36
           3 1.54667e+43 5.15556e+42 5.15555e+42
           4 2.31115e+33 3.86667e+42 3.86667e+42
           5 4.61398e+39 3.09426e+42  3.0931e+42
           6 1.78436e+31 2.57855e+42 2.57762e+42
           7 6.78161e+41 2.30706e+42 2.19534e+42
           8 6.42535e+31 2.01868e+42 1.92297e+42
           9 2.57717e+49 2.86352e+48 2.86352e+48
          10  1.5236e+30 2.57717e+48 2.57717e+48
           1 1.91145e+20 1.91145e+20           0
           2  4.1685e+16 9.55932e+19 9.55516e+19
           3 5.15903e+15 6.37305e+19 6.37071e+19
           4 1.48923e+20 8.50287e+19 4.98288e+19
           5 1.23736e+17 6.80477e+19 4.21675e+19
           6 2.30099e+18 5.70899e+19 3.61313e+19
           7 5.36466e+19  5.6598e+19 3.05405e+19
           8 3.31501e+19  5.3667e+19 2.66108e+19
           9 1.15538e+20 6.05416e+19 2.44547e+19
          10 1.11013e+21   1.655e+20 1.07214e+20
           1 2.14398e+17 2.14398e+17           0
           2 1.34088e+21 6.70548e+20 6.70334e+20
           3 6.22156e+17 4.47239e+20 4.46821e+20
           4 1.48973e+18 3.35802e+20 3.35027e+20
           5 7.56713e+15 2.68643e+20  2.6806e+20
           6  5.5171e+18 2.24789e+20  2.2322e+20
           7 8.88508e+15 1.92677e+20 1.91369e+20
           8 7.91413e+15 1.68594e+20 1.67471e+20
           9 6.70116e+18 1.50606e+20 1.48787e+20
          10 1.01375e+16 1.35546e+20 1.33928e+20
           1     4.77624     4.77624           0
           2     4.81961     4.79793   0.0216849
           3     4.88182     4.82589   0.0306403
           4      4.8896     4.84182   0.0268902
           5     4.83341     4.84014   0.0208969
           6     4.75565     4.82606   0.0221225
           7     4.87316     4.83279    0.019871
           8     4.87599     4.83819   0.0180364
           9     4.80029     4.83397   0.0164546
          10     4.85171     4.83575   0.0148239
           1 7.99388e+28 7.99388e+28           0
           2 8.64081e+29  4.7201e+29 3.92071e+29
           3 7.00542e+22 3.14673e+29 2.75671e+29
           4 2.37575e+23 2.36005e+29 2.10205e+29
           5 1.72364e+23 1.88804e+29 1.69528e+29
           6 9.67467e+26 1.57498e+29 1.41915e+29
           7 1.01685e+23 1.34998e+29 1.22032e+29
           8 3.63192e+30 5.72114e+29  4.4971e+29
           9  6.5552e+36 7.28356e+35 7.28355e+35
          10 1.69075e+24  6.5552e+35  6.5552e+35
           1 2.64233e+25 2.64233e+25           0
           2 3.74682e+31 1.87341e+31 1.87341e+31
           3 1.35784e+42 4.52614e+41 4.52614e+41
           4 2.02406e+32  3.3946e+41  3.3946e+41
           5 3.42357e+38 2.71637e+41 2.71551e+41
           6 5.60156e+26 2.26364e+41 2.26296e+41
           7  2.3737e+24 1.94026e+41 1.93969e+41
           8 4.97758e+28 1.69773e+41 1.69724e+41
           9 9.77733e+34 1.50909e+41 1.50867e+41
          10 1.27754e+29 1.35818e+41  1.3578e+41
           1     7.52904     7.52904           0
           2     7.62241     7.57573   0.0466851
           3     7.57465     7.57537    0.026956
           4     7.64924     7.59384   0.0265407
           5     7.69233     7.61354   0.0284722
           6      7.4866     7.59238   0.0314324
           7     7.59744      7.5931   0.0265751
           8     7.64096     7.59909   0.0237795
           9     7.62797      7.6023   0.0212158
          10     7.61279     7.60334   0.0190049
           1 3.16321e+43 3.16321e+43           0
           2 7.36324e+39 1.58197e+43 1.58123e+43
           3 1.96569e+36 1.05465e+43 1.05428e+43
           4  1.4879e+18 7.90986e+42  7.9074e+42
           5 2.66803e+33 6.32788e+42 6.32604e+42
           6 3.07396e+31 5.27324e+42 5.27176e+42
           7 9.73541e+30 4.51992e+42 4.51869e+42
           8 1.31847e+30 3.95493e+42 3.95388e+42
           9 5.39304e+29 3.51549e+42 3.51457e+42
          10 1.09179e+29 3.16394e+42 3.16312e+42
           1 6.15937e+21 6.15937e+21           0
           2 4.77049e+24 2.38833e+24 2.38217e+24
           3 5.35067e+31 1.78356e+31 1.78356e+31
           4 3.00171e+23 1.33767e+31 1.33767e+31
           5 2.96384e+28 1.07073e+31 1.06999e+31
           6 1.28584e+28 8.92487e+30 8.91637e+30
           7 3.03374e+32 5.09891e+31 4.27339e+31
           8 7.35292e+19 4.46154e+31 3.75534e+31
           9 7.30244e+24 3.96582e+31  3.3488e+31
          10  7.8367e+21 3.56923e+31  3.0214e+31
           1    0.051664    0.051664           0
           2   0.0483867   0.0500253  0.00163864
           3   0.0483329   0.0494612   0.0011015
           4   0.0485809   0.0492411 0.000809377
           5   0.0494707    0.049287  0.00062862
           6   0.0491741   0.0492682 0.000513611
           7   0.0495274   0.0493052 0.000435658
           8   0.0473857   0.0490653 0.000447126
           9   0.0486702   0.0490214 0.000396764
          10   0.0481661   0.0489359 0.000365037
           1     7.67401     7.67401           0
           2      7.4663     7.57016    0.103853
           3       7.829     7.65644    0.105069
           4     7.68967     7.66474   0.0747581
           5     7.60643     7.65308   0.0590704
           6     7.74978      7.6692   0.0508522
           7     7.52015     7.64791   0.0479634
           8     7.52012     7.63193   0.0445029
           9     7.65227     7.63419   0.0393129
          10     7.69793     7.64057   0.0357355
           1 6.58468e+06 6.58468e+06           0
           2 6.58468e+06 6.58468e+06           0
           3 6.58468e+06 6.58468e+06           0
           4 6.58468e+06 6.58468e+06           0
           5 6.58468e+06 6.58468e+06           0
           6 6.58468e+06 6.58468e+06           0
           7 6.58468e+06 6.58468e+06           0
           8 6.58468e+06 6.58468e+06           0
           9 6.58468e+06 6.58468e+06           0
          10 6.58468e+06 6.58468e+06           0
           1 1.76854e+06 1.76854e+06           0
           2 1.76854e+06 1.76854e+06           0
           3 1.76854e+06 1.76854e+06    0.015625
           4 1.76854e+06 1.76854e+06           0
           5 1.76854e+06 1.76854e+06           0
           6 1.76854e+06 1.76854e+06        -nan
           7 1.76854e+06 1.76854e+06        -nan
           8 1.76854e+06 1.76854e+06        -nan
           9 1.76854e+06 1.76854e+06        -nan
          10 1.76854e+06 1.76854e+06        -nan
           1     1.09398     1.09398           0
           2     1.47672     1.28535    0.191366
           3     1.22794     1.26621     0.11213
           4     1.36744     1.29152   0.0832292
           5     1.41268     1.31575   0.0688728
           6     1.45096     1.33829   0.0605812
           7      1.3826     1.34462   0.0515903
           8     1.42856     1.35511   0.0458941
           9     1.41518     1.36178   0.0410215
          10      1.4899      1.3746   0.0388631
           1 3.16321e+43 3.16321e+43           0
           2 7.36324e+39 1.58197e+43 1.58123e+43
           3 1.96569e+36 1.05465e+43 1.05428e+43
           4  1.4879e+18 7.90986e+42  7.9074e+42
           5 2.66803e+33 6.32788e+42 6.32604e+42
           6 3.07396e+31 5.27324e+42 5.27176e+42
           7 9.73541e+30 4.51992e+42 4.51869e+42
           8 1.31847e+30 3.95493e+42 3.95388e+42
           9 5.39304e+29 3.51549e+42 3.51457e+42
          10 1.09179e+29 3.16394e+42 3.16312e+42
           1 3.16321e+43 3.16321e+43           0
           2 7.36324e+39 1.58197e+43 1.58123e+43
           3 1.96569e+36 1.05465e+43 1.05428e+43
           4  1.4879e+18 7.90986e+42  7.9074e+42
           5 2.66803e+33 6.32788e+42 6.32604e+42
           6 3.07396e+31 5.27324e+42 5.27176e+42
           7 9.73541e+30 4.51992e+42 4.51869e+42
           8 1.31847e+30 3.95493e+42 3.95388e+42
           9 5.39304e+29 3.51549e+42 3.51457e+42
          10 1.09179e+29 3.16394e+42 3.16312e+42
           1   0.0501713   0.0501713           0
           2   0.0495645   0.0498679  0.00030341
           3   0.0506099   0.0501152 0.000303089
           4   0.0498069   0.0500381 0.000227757
           5   0.0482283   0.0496762 0.000402669
           6   0.0492837   0.0496108 0.000335221
           7   0.0498017    0.049638 0.000284624
           8   0.0507112   0.0497722 0.000280632
           9   0.0497475   0.0497694 0.000247509
          10   0.0496574   0.0497582 0.000221662
           1     7.46721     7.46721           0
           2     7.58233     7.52477   0.0575553
           3     7.58122     7.54359   0.0381867
           4     7.65141     7.57054   0.0381543
           5     7.77805     7.61204   0.0509495
           6     7.60552     7.61096   0.0416143
           7     7.63355     7.61418   0.0353182
           8      7.6054     7.61309   0.0306062
           9      7.5868     7.61017   0.0271496
          10     7.48273     7.59742   0.0274242
           1     7.62895     7.62895           0
           2     7.59764      7.6133   0.0156565
           3     7.59029     7.60563   0.0118539
           4      7.6258     7.61067  0.00978176
           5     7.49366     7.58727   0.0245981
           6     7.63956     7.59598   0.0218937
           7      7.6218     7.59967   0.0188677
           8     7.44534     7.58038   0.0252812
           9     7.58543     7.58094    0.022303
          10     7.52223     7.57507   0.0207944
           1     1.39399     1.39399           0
           2     1.46386     1.42893   0.0349369
           3     1.40409     1.42065   0.0218036
           4     1.37739     1.40983   0.0188325
           5     1.29935     1.38774   0.0264768
           6     1.48966     1.40472   0.0274941
           7     1.47376     1.41459    0.025243
           8     1.43341     1.41694   0.0219874
           9     1.33776     1.40814   0.0212934
          10     1.43109     1.41044   0.0191831
           1   0.0503046   0.0503046           0
           2   0.0491575    0.049731 0.000573572
           3   0.0493727   0.0496116 0.000352035
           4   0.0478284   0.0491658 0.000510583
           5   0.0490253   0.0491377 0.000396493
           6    0.048995   0.0491139 0.000324608
           7   0.0500714   0.0492507 0.000306554
           8   0.0482324   0.0491234 0.000294421
           9   0.0478057    0.048977 0.000298092
          10   0.0482182   0.0489011 0.000277209
