           1    -7.47752    -7.47752           0
           2    -7.49817    -7.48784   0.0103241
           3    -7.46039    -7.47869   0.0109208
           4    -7.49785    -7.48348  0.00908647
           5    -7.49839    -7.48646  0.00764386
           6    -7.48601    -7.48639  0.00624164
           7    -7.49674    -7.48786  0.00547845
           8    -7.48238    -7.48718  0.00479378
           9    -7.48498    -7.48694  0.00423475
          10    -7.47173    -7.48541   0.0040815
           1 2.72804e+10 2.72804e+10           0
           2  2.6994e+10 2.71372e+10 1.43198e+08
           3 2.71366e+10  2.7137e+10 8.26756e+07
           4 2.74788e+10 2.72224e+10 1.03546e+08
           5 2.95707e+10 2.76921e+10 4.76447e+08
           6 2.89196e+10 2.78967e+10 4.39534e+08
           7 2.72872e+10 2.78096e+10 3.81539e+08
           8 2.70121e+10 2.77099e+10 3.45131e+08
           9 2.71965e+10 2.76529e+10 3.09676e+08
          10 2.73685e+10 2.76244e+10 2.78439e+08
           1    -7.55814    -7.55814           0
           2    -7.51982    -7.53898   0.0191589
           3    -7.54878    -7.54225   0.0115339
           4    -7.53557    -7.54058  0.00832506
           5    -7.53631    -7.53972   0.0065048
           6    -7.54687    -7.54091  0.00544301
           7    -7.52174    -7.53817  0.00535429
           8    -7.55372    -7.54012  0.00502762
           9    -7.54639    -7.54081  0.00448839
          10    -7.52735    -7.53947  0.00423446
           1   -0.210959   -0.210959           0
           2   -0.284449   -0.247704   0.0367447
           3   -0.331744   -0.275717   0.0351396
           4   -0.331306   -0.289614   0.0284698
           5   -0.377148   -0.307121   0.0281567
           6   -0.389052   -0.320776   0.0267394
           7   -0.353684   -0.325477   0.0230827
           8   -0.326824   -0.325646   0.0199909
           9   -0.326088   -0.325695   0.0176304
          10   -0.329642    -0.32609   0.0157741
           1 7.69627e+10 7.69627e+10           0
           2 4.48456e+13 2.24613e+13 2.23843e+13
           3 4.67555e+10 1.49898e+13 1.49279e+13
           4 8.88777e+12 1.34643e+13 1.06653e+13
           1     62869.7     62869.7           0
           2       65927     64398.4     1528.62
           3     64246.1     64347.6      884.01
           4     68900.4     65485.8     1298.56
           5     62827.5     64954.1     1137.72
           6     68711.9     65580.4     1120.35
           7     64544.8     65432.5      958.36
           8       65678     65463.2     830.531
           9     67837.4       65727     778.519
          10     63089.6     65463.2     744.601
           1   -0.212243   -0.212243           0
           2   -0.307568   -0.259905   0.0476627
           3   -0.315057   -0.278289    0.033094
           4   -0.322722   -0.289398   0.0259037
           5   -0.332292   -0.297976   0.0218219
           6   -0.320209   -0.301682   0.0181988
           7   -0.341053   -0.307306   0.0163769
           8    -0.33703   -0.311022   0.0146614
           9   -0.355624   -0.315978   0.0138473
          10   -0.351929   -0.319573   0.0128966
           1 3.30563e+09 3.30563e+09           0
           2 2.23989e+09 2.77276e+09  5.3287e+08
           3 8.06645e+10 2.87367e+10 2.59657e+10
           4 6.58661e+10  3.8019e+10 2.05736e+10
           5 1.02876e+09  3.0621e+10 1.75697e+10
           6 1.41049e+16 2.35084e+15 2.35081e+15
           7  3.7996e+17 5.62949e+16 5.39807e+16
           8   9.734e+15 5.04748e+16 4.71095e+16
           9 4.95705e+13  4.4872e+16 4.19228e+16
          10 1.40795e+12  4.0385e+16 3.77644e+16
           1  1.0114e+15  1.0114e+15           0
           2 2.33327e+16  1.2172e+16 1.11606e+16
           3 4.06908e+15 9.47105e+15 6.98679e+15
           4 3.31695e+14 7.18621e+15 5.44317e+15
           5 3.30314e+14 5.81503e+15 4.43362e+15
           6 1.09419e+14 4.86409e+15 3.74285e+15
           7 2.18403e+14 4.20042e+15 3.23216e+15
           8 5.82498e+15 4.40349e+15 2.80649e+15
           9  1.9014e+14 3.93534e+15 2.51897e+15
          10 4.51987e+14 3.58701e+15 2.27981e+15
           1     30.6284     30.6284           0
           2     32.5483     31.5883    0.959947
           3     32.6693     31.9486    0.661059
           4     32.6194     32.1163    0.496609
           5     32.7276     32.2386    0.403631
           6     32.6075     32.3001    0.335249
           7     32.7063     32.3581     0.28922
           8      32.656     32.3953    0.253226
           9     32.6438      32.423    0.225024
          10     32.7149     32.4521    0.203374
           1     30.6284     30.6284           0
           2     32.5483     31.5883    0.959947
           3     32.6693     31.9486    0.661059
           4     32.6194     32.1163    0.496609
           5     32.7276     32.2386    0.403631
           6     32.6075     32.3001    0.335249
           7     32.7063     32.3581     0.28922
           8      32.656     32.3953    0.253226
           9     32.6438      32.423    0.225024
          10     32.7149     32.4521    0.203374
           1    -0.29706    -0.29706           0
           2   -0.339763   -0.318412   0.0213517
           3   -0.401278   -0.346034    0.030248
           4   -0.397068   -0.358792   0.0249049
           5   -0.390341   -0.365102    0.020297
           6   -0.416217   -0.373621   0.0186338
           7   -0.422737   -0.380638   0.0172408
           8   -0.402242   -0.383338   0.0151732
           9   -0.428272   -0.388331   0.0142825
          10   -0.451661   -0.394664   0.0142583
           1  6.0053e+24  6.0053e+24           0
           2  8.5155e+30 4.25776e+30 4.25775e+30
           3   3.086e+41 1.02867e+41 1.02867e+41
           4 4.60015e+31 7.71501e+40 7.71501e+40
           5 7.78084e+37 6.17356e+40 6.17162e+40
           6 1.27308e+26 5.14464e+40 5.14308e+40
           7 5.39477e+23 4.40969e+40 4.40839e+40
           8 1.13127e+28 3.85848e+40 3.85737e+40
           9 2.22212e+34 3.42976e+40 3.42879e+40
          10 2.90349e+28 3.08678e+40 3.08592e+40
           1 8.37406e+27 8.37406e+27           0
           2 3.28297e+28 2.06019e+28 1.22278e+28
           3 7.40651e+28  3.8423e+28 1.91685e+28
           4 3.92932e+29  1.2705e+29 8.96578e+28
           5 1.07838e+30 3.17316e+29 2.02544e+29
           6 4.31217e+31 7.45137e+30 7.13598e+30
           7 5.62494e+17 6.38689e+30 6.12422e+30
           8 5.07153e+33 6.39529e+32 6.33165e+32
           9 4.93406e+35 5.53914e+34 5.47547e+34
          10 1.83152e+37 1.88137e+36 1.82664e+36
           1 2.57877e+16 2.57877e+16           0
           2 1.41314e+20 7.06697e+19 7.06439e+19
           3 1.58328e+20  9.9889e+19 5.01726e+19
           4 1.90617e+15 7.49172e+19 4.33847e+19
           5 7.95396e+15 5.99354e+19  3.6794e+19
           6 7.55734e+18 5.12057e+19 3.12848e+19
           7 3.04344e+16 4.38949e+19 2.74326e+19
           8 1.94402e+15 3.84083e+19 2.43826e+19
           9 5.92328e+17 3.42065e+19 2.19101e+19
          10 1.90192e+19 3.26878e+19 1.96558e+19
           1      -8.053      -8.053           0
           2    -8.05214    -8.05257 0.000429723
           3    -8.03488    -8.04667  0.00590022
           4    -8.05612    -8.04903  0.00479336
           5    -8.04865    -8.04896  0.00371373
           6    -8.05165    -8.04941  0.00306537
           7     -8.0487    -8.04931  0.00259268
           8    -8.03936    -8.04806  0.00256684
           9    -8.04225    -8.04742  0.00235392
          10    -8.03613    -8.04629  0.00238882
           1    -8.05424    -8.05424           0
           2    -8.04325    -8.04875  0.00549424
           3    -8.05181    -8.04977  0.00333227
           4    -8.04905    -8.04959  0.00236313
           5     -8.0499    -8.04965  0.00183154
           6    -8.05707    -8.05089   0.0019404
           7    -8.04195    -8.04961   0.0020783
           8    -8.04064    -8.04849  0.00212052
           9    -8.03875    -8.04741  0.00216082
          10    -8.03113    -8.04578  0.00252654
           1 7.93149e+19 7.93149e+19           0
           2 1.96163e+19 4.94656e+19 2.98493e+19
           3 3.53788e+18 3.41564e+19 2.30514e+19
           4 1.09604e+19 2.83574e+19 1.73006e+19
           5 3.61372e+19 2.99133e+19  1.3491e+19
           6 2.84396e+17 2.49752e+19 1.20716e+19
           7 5.40996e+15 2.14081e+19  1.0808e+19
           8 4.90602e+16 1.87382e+19 9.73334e+18
           9 7.45263e+18 1.74842e+19  8.6751e+18
          10 3.41396e+18 1.60772e+19 7.88579e+18
           1  2.3866e+15  2.3866e+15           0
           2 1.31233e+16 7.75493e+15 5.36833e+15
           3  3.5539e+21 1.18464e+21 1.18463e+21
           4 8.09133e+19 9.08707e+20 8.81937e+20
           5 2.99143e+18 7.27564e+20 7.06754e+20
           6 1.55447e+22 3.19709e+21 2.53605e+21
           7 1.12236e+17 2.74038e+21 2.19147e+21
           8 1.13935e+18 2.39797e+21 1.92851e+21
           9 1.54711e+18  2.1317e+21  1.7215e+21
          10  3.9666e+18 1.91893e+21 1.55439e+21
           1 8.98723e+34 8.98723e+34           0
           2  2.1254e+36 1.10764e+36 1.01776e+36
           3 3.51515e+42 1.17172e+42 1.17172e+42
           4 5.25261e+32 8.78788e+41 8.78788e+41
           5 1.04863e+39  7.0324e+41 7.02978e+41
           6 4.05536e+30 5.86034e+41 5.85824e+41
           7 1.54127e+41 5.24333e+41 4.98941e+41
           8 1.46031e+31 4.58791e+41 4.37038e+41
           9  5.8572e+48   6.508e+47 6.50799e+47
          10 3.46273e+29  5.8572e+47  5.8572e+47
           1  4.3442e+19  4.3442e+19           0
           2 9.47386e+15 2.17257e+19 2.17163e+19
           3 1.17251e+15 1.44842e+19 1.44789e+19
           4 3.38462e+19 1.93247e+19 1.13247e+19
           5 2.81218e+16 1.54654e+19 9.58353e+18
           6 5.22952e+17  1.2975e+19 8.21167e+18
           7 1.21924e+19 1.28632e+19 6.94103e+18
           8 7.53412e+18 1.21971e+19  6.0479e+18
           9 2.62587e+19 1.37595e+19 5.55788e+18
          10 2.52302e+20 3.76137e+19 2.43667e+19
           1 4.87268e+16 4.87268e+16           0
           2 3.04746e+20 1.52397e+20 1.52349e+20
           3 1.41399e+17 1.01645e+20  1.0155e+20
           4 3.38576e+17 7.63186e+19 7.61424e+19
           5  1.7198e+15 6.10553e+19 6.09227e+19
           6 1.25389e+18 5.10884e+19 5.07319e+19
           7 2.01934e+15 4.37903e+19 4.34929e+19
           8 1.79867e+15 3.83167e+19 3.80616e+19
           9 1.52299e+18 3.42286e+19 3.38152e+19
          10 2.30398e+15 3.08059e+19 3.04383e+19
           1    -8.05923    -8.05923           0
           2    -8.05179    -8.05551  0.00371999
           3    -8.04042    -8.05048  0.00546806
           4    -8.03933    -8.04769  0.00476546
           5    -8.04921    -8.04799  0.00370372
           6    -8.06382    -8.05063  0.00401244
           7    -8.04229    -8.04944  0.00359449
           8     -8.0406    -8.04833  0.00330309
           9    -8.05562    -8.04914  0.00302347
          10    -8.04637    -8.04887  0.00271848
           1 1.81679e+28 1.81679e+28           0
           2 1.96382e+29 1.07275e+29 8.91071e+28
           3 1.59214e+22 7.15167e+28 6.26526e+28
           4 5.39942e+22 5.36375e+28 4.77738e+28
           5 3.91736e+22   4.291e+28  3.8529e+28
           6 2.19879e+26  3.5795e+28 3.22534e+28
           7 2.31103e+22 3.06814e+28 2.77345e+28
           8 8.25437e+29 1.30026e+29 1.02207e+29
           9 1.48982e+36 1.65535e+35 1.65535e+35
          10 3.84262e+23 1.48982e+35 1.48982e+35
           1  6.0053e+24  6.0053e+24           0
           2  8.5155e+30 4.25776e+30 4.25775e+30
           3   3.086e+41 1.02867e+41 1.02867e+41
           4 4.60015e+31 7.71501e+40 7.71501e+40
           5 7.78084e+37 6.17356e+40 6.17162e+40
           6 1.27308e+26 5.14464e+40 5.14308e+40
           7 5.39477e+23 4.40969e+40 4.40839e+40
           8 1.13127e+28 3.85848e+40 3.85737e+40
           9 2.22212e+34 3.42976e+40 3.42879e+40
          10 2.90349e+28 3.08678e+40 3.08592e+40
           1    -7.55785    -7.55785           0
           2    -7.54053    -7.54919  0.00866336
           3    -7.55003    -7.54947  0.00500967
           4    -7.53669    -7.54628  0.00476999
           5    -7.52842    -7.54271  0.00513904
           6     -7.5652    -7.54645  0.00562713
           7    -7.54549    -7.54632  0.00475779
           8    -7.53855    -7.54535   0.0042333
           9    -7.54063    -7.54482  0.00376994
          10    -7.54352    -7.54469  0.00337446
           1 9.88502e+42 9.88502e+42           0
           2 2.30101e+39 4.94366e+42 4.94136e+42
           3 6.14279e+35 3.29577e+42 3.29462e+42
           4 4.64967e+17 2.47183e+42 2.47106e+42
           5 8.33758e+32 1.97746e+42 1.97689e+42
           6 9.60613e+30 1.64789e+42 1.64743e+42
           7 3.04232e+30 1.41247e+42 1.41209e+42
           8 4.12021e+29 1.23591e+42 1.23559e+42
           9 1.68533e+29 1.09859e+42  1.0983e+42
          10 3.41183e+28 9.88732e+41 9.88476e+41
           1 3.07969e+22 3.07969e+22           0
           2 2.38525e+25 1.19416e+25 1.19108e+25
           3 2.67534e+32 8.91779e+31 8.91779e+31
           4 1.50086e+24 6.68834e+31 6.68834e+31
           5 1.48192e+29 5.35364e+31 5.34993e+31
           6 6.42921e+28 4.46244e+31 4.45819e+31
           7 1.51687e+33 2.54945e+32 2.13669e+32
           8 3.67646e+20 2.23077e+32 1.87767e+32
           9 3.65122e+25 1.98291e+32  1.6744e+32
          10 3.91835e+22 1.78462e+32  1.5107e+32
           1   -0.281556   -0.281556           0
           2   -0.380462   -0.331009   0.0494528
           3   -0.431695   -0.364571   0.0440634
           4   -0.434435   -0.382037   0.0357191
           5   -0.387729   -0.383175   0.0276913
           6   -0.390058   -0.384323   0.0226389
           7   -0.394512   -0.385778   0.0191887
           8   -0.403037   -0.387935   0.0167573
           9   -0.423303   -0.391865   0.0152921
          10    -0.38593   -0.391272   0.0136905
           1    -7.53261    -7.53261           0
           2    -7.56942    -7.55101    0.018408
           3    -7.50368    -7.53524   0.0190231
           4    -7.52904    -7.53369   0.0135404
           5    -7.54452    -7.53585   0.0107098
           6    -7.51824    -7.53292  0.00922391
           7    -7.55934    -7.53669  0.00866123
           8    -7.55979    -7.53958  0.00803733
           9    -7.53621    -7.53921  0.00709816
          10    -7.52766    -7.53805  0.00645294
           1   -0.428346   -0.428346           0
           2   -0.428346   -0.428346           0
           3   -0.428346   -0.428346        -nan
           4   -0.428346   -0.428346           0
           5   -0.428346   -0.428346 3.72529e-09
           6   -0.428346   -0.428346 2.35608e-09
           7   -0.428346   -0.428346  2.1508e-09
           8   -0.428346   -0.428346 1.99125e-09
           9   -0.428346   -0.428346 1.86265e-09
          10   -0.428346   -0.428346 3.04169e-09
           1   -0.428346   -0.428346           0
           2   -0.428346   -0.428346           0
           3   -0.428346   -0.428346        -nan
           4   -0.428346   -0.428346           0
           5   -0.428346   -0.428346 3.72529e-09
           6   -0.428346   -0.428346 2.35608e-09
           7   -0.428346   -0.428346  2.1508e-09
           8   -0.428346   -0.428346 1.99125e-09
           9   -0.428346   -0.428346 1.86265e-09
          10   -0.428346   -0.428346 3.04169e-09
           1    -5.52061    -5.52061           0
           2    -5.45638    -5.48849   0.0321159
           3    -5.49494    -5.49064   0.0186661
           4    -5.47439    -5.48658   0.0138102
           5    -5.45692    -5.48065   0.0122312
           6    -5.45422    -5.47624   0.0109146
           7    -5.46599    -5.47478  0.00934008
           8    -5.45763    -5.47263  0.00836809
           9    -5.47077    -5.47243  0.00738288
          10    -5.44404    -5.46959  0.00718777
           1 9.88502e+42 9.88502e+42           0
           2 2.30101e+39 4.94366e+42 4.94136e+42
           3 6.14279e+35 3.29577e+42 3.29462e+42
           4 4.64967e+17 2.47183e+42 2.47106e+42
           5 8.33758e+32 1.97746e+42 1.97689e+42
           6 9.60613e+30 1.64789e+42 1.64743e+42
           7 3.04232e+30 1.41247e+42 1.41209e+42
           8 4.12021e+29 1.23591e+42 1.23559e+42
           9 1.68533e+29 1.09859e+42  1.0983e+42
          10 3.41183e+28 9.88732e+41 9.88476e+41
           1 9.88502e+42 9.88502e+42           0
           2 2.30101e+39 4.94366e+42 4.94136e+42
           3 6.14279e+35 3.29577e+42 3.29462e+42
           4 4.64967e+17 2.47183e+42 2.47106e+42
           5 8.33758e+32 1.97746e+42 1.97689e+42
           6 9.60613e+30 1.64789e+42 1.64743e+42
           7 3.04232e+30 1.41247e+42 1.41209e+42
           8 4.12021e+29 1.23591e+42 1.23559e+42
           9 1.68533e+29 1.09859e+42  1.0983e+42
          10 3.41183e+28 9.88732e+41 9.88476e+41
           1   -0.316311   -0.316311           0
           2   -0.404469    -0.36039   0.0440792
           3   -0.429448   -0.383409   0.0343156
           4   -0.392429   -0.385664   0.0243693
           5   -0.406469   -0.389825   0.0193296
           6   -0.398982   -0.391351   0.0158561
           7   -0.397719   -0.392261   0.0134317
           8   -0.417052    -0.39536   0.0120379
           9   -0.357749   -0.391181   0.0114093
          10   -0.375815   -0.389644   0.0103198
           1    -7.56996    -7.56996           0
           2    -7.54802    -7.55899   0.0109693
           3    -7.54925    -7.55575  0.00711715
           4    -7.53482    -7.55051  0.00725963
           5    -7.51307    -7.54302  0.00936533
           6    -7.54385    -7.54316  0.00764799
           7    -7.53964    -7.54266  0.00648331
           8    -7.54363    -7.54278  0.00561603
           9    -7.54808    -7.54337  0.00498772
          10     -7.5671    -7.54574  0.00505298
           1    -7.54077    -7.54077           0
           2    -7.54573    -7.54325  0.00248147
           3    -7.54747    -7.54466  0.00200786
           4    -7.54146    -7.54386  0.00162915
           5     -7.5653    -7.54815  0.00447091
           6    -7.53728    -7.54633   0.0040752
           7    -7.54172    -7.54567  0.00350673
           8    -7.57458    -7.54929  0.00471987
           9    -7.54748    -7.54909  0.00416738
          10    -7.55939    -7.55012  0.00386729
           1    -5.46094    -5.46094           0
           2    -5.44713    -5.45404  0.00690459
           3     -5.4557    -5.45459  0.00402486
           4     -5.4646    -5.45709  0.00378904
           5    -5.48259    -5.46219  0.00588318
           6    -5.44117    -5.45869  0.00594586
           7    -5.45864    -5.45868  0.00502517
           8    -5.45341    -5.45802  0.00440149
           9    -5.47013    -5.45937  0.00410811
          10    -5.45189    -5.45862   0.0037497
           1   -0.372648   -0.372648           0
           2   -0.417969   -0.395309   0.0226607
           3   -0.397702   -0.396106   0.0131075
           4   -0.393989   -0.395577  0.00928347
           5   -0.439967   -0.404455   0.0114249
           6   -0.454458   -0.412789   0.0125089
           7   -0.389674   -0.409487   0.0110756
           8   -0.397346   -0.407969   0.0097111
           9   -0.466323   -0.414453   0.0107419
          10   -0.456569   -0.418665   0.0104904
           1 8.17066e+19 8.17066e+19           0
           2  6.8934e+13 4.08534e+19 4.08533e+19
           3 8.15578e+19 5.44215e+19 2.72107e+19
           4 1.93546e+11 4.08161e+19 2.35652e+19
           5 8.15413e+19 4.89612e+19 1.99883e+19
           6  8.1446e+19 5.43753e+19  1.7195e+19
           7  2.1425e+17  4.6638e+19 1.64638e+19
           8 8.18936e+19  5.1045e+19 1.49236e+19
           9 7.20595e+13 4.53733e+19 1.43314e+19
          10 8.22006e+19  4.9056e+19  1.3337e+19
           1 7.17716e+12 7.17716e+12           0
           2 8.25284e+19 4.12642e+19 4.12642e+19
           3 4.02267e+15 2.75108e+19 2.75088e+19
           4 8.28133e+19 4.13364e+19 2.38645e+19
           5 8.30176e+19 4.96727e+19 2.02781e+19
           6 7.40618e+13 4.13939e+19 1.85114e+19
           7 8.30943e+19 4.73511e+19 1.67408e+19
           8 6.77497e+13 4.14322e+19 1.56596e+19
           9 8.30338e+19 4.60546e+19 1.45635e+19
          10 2.25182e+11 4.14492e+19 1.38162e+19
           1    -7.55501    -7.55501           0
           1     -7.5584     -7.5584           0
           1  6.0053e+24  6.0053e+24           0
           2  8.5155e+30 4.25776e+30 4.25775e+30
           1    -7.37356    -7.37356           0
           1  6.0053e+24  6.0053e+24           0
           2  8.5155e+30 4.25776e+30 4.25775e+30
           1    -7.52547    -7.52547           0
           1  6.0053e+24  6.0053e+24           0
           1    -7.56564    -7.56564           0
           2    -7.54947    -7.55756  0.00808301
           1    -7.54707    -7.54707           0
           2    -7.54509    -7.54608 0.000989888
           1    -7.54707    -7.54707           0
           2    -7.54509    -7.54608 0.000989888
           3    -7.56127    -7.55114  0.00509721
           1    -7.54707    -7.54707           0
           2    -7.54509    -7.54608 0.000989888
           3    -7.56127    -7.55114  0.00509721
           1    -7.56957    -7.56957           0
           2    -7.54447    -7.55702   0.0125496
           1    -7.56957    -7.56957           0
           2    -7.54447    -7.55702   0.0125496
           1    -7.56957    -7.56957           0
           2    -7.54447    -7.55702   0.0125496
           1    -7.56957    -7.56957           0
           2    -7.54447    -7.55702   0.0125496
           1    -7.54707    -7.54707           0
           2    -7.54509    -7.54608 0.000989888
           3    -7.56127    -7.55114  0.00509721
           4    -7.54893    -7.55059  0.00364647
           5     -7.5566    -7.55179  0.00306971
           1    -7.58632    -7.58632           0
           2    -7.54327    -7.56479   0.0215248
           3    -7.52739    -7.55232    0.017605
           4    -7.56456    -7.55538   0.0128192
           5    -7.55042    -7.55439  0.00997926
           6     -7.5474    -7.55323  0.00823098
           7    -7.55506    -7.55349  0.00696139
           8    -7.53499    -7.55118  0.00645697
           1    -7.58632    -7.58632           0
           2    -7.54327    -7.56479   0.0215248
           3    -7.52739    -7.55232    0.017605
           1    -7.58632    -7.58632           0
           2    -7.54327    -7.56479   0.0215248
           3    -7.52739    -7.55232    0.017605
           4    -7.56456    -7.55538   0.0128192
           5    -7.55042    -7.55439  0.00997926
           6     -7.5474    -7.55323  0.00823098
           7    -7.55506    -7.55349  0.00696139
           8    -7.53499    -7.55118  0.00645697
           9    -7.55887    -7.55203  0.00575828
          10     -7.5496    -7.55179  0.00515609
