           0           0           0
           0           0           0
           0           0           0
           0           0           0
           0           0           0
           0           0           0
           0           0           0
           0           0           0
           0           0           0
           0           0           0
           0           0           0
           0           0           0
           0           0           0
           0           0           0
           0           0           0
           0           0           0
           0           0           0
           0           0           0
           0           0           0
           0      0.0464           0
           0      5.2751           0
           0     55.3408           0
           0      153.56           0
           0     190.141           0
           0      139.07           0
           0     70.0085           0
           0     25.7475           0
           0      7.2802           0
           0      2.6709           0
           0      5.3599           0
           0     16.5781           0
           0     39.4594           0
           0     66.5233           0
           0      78.231           0
           0     63.0724           0
           0     36.0805           0
           0     20.0241           0
           0     35.4513           0
           0     105.814           0
           0     227.503           0
           0     319.652           0
           0      298.57           0
           0     190.693           0
           0     93.0161           0
           0     65.0878           0
           0      102.18           0
           0     153.134           0
           0      160.32           0
           0     123.275           0
           0     102.764           0
           0     144.145           0
           0       233.4           0
           0     198.704           0
           0     38.5025           0
           0      14.837           0
           0     39.9685           0
           0     79.2615           0
           0      111.74           0
           0     132.395           0
           0     190.887           0
           0     329.169           0
           0     419.424           0
           0     291.428           0
           0     98.8796           0
           0     16.0595           0
           0      2.1487           0
           0      5.3563           0
           0     21.0439           0
           0     50.9596           0
           0     63.8879           0
           0     19.8797           0
           0      0.0955           0
           0      0.8649           0
           0      5.4465           0
           0     23.7497           0
           0     67.6497           0
           0     110.452           0
           0     86.9494           0
           0     26.1865           0
           0      2.5303           0
           0      0.0686           0
           0      0.0006           0
           0           0           0
           0           0           0
           0           0           0
           0           0           0
           0           0           0
           0           0           0
           0           0           0
           0           0           0
           0           0           0
           0           0           0
           0           0           0
           0           0           0
           0           0           0
           0           0           0
           0           0           0
           0           0           0
           0           0           0
           0           0           0
