           1    -7.87014    -7.87014           0
           2    -7.62535    -7.74774    0.122395
           3    -7.65752    -7.71767   0.0767984
           4     -7.5507    -7.67592   0.0684938
           5    -7.58849    -7.65844   0.0558629
           6    -7.48588    -7.62968   0.0539221
           7    -7.52414     -7.6146   0.0480018
           8    -7.60375    -7.61324   0.0415929
           9    -7.66239     -7.6187   0.0370858
          10    -7.62921    -7.61975   0.0331872
          11    -7.56517    -7.61479   0.0304263
          12    -7.54686    -7.60913   0.0283462
          13     -7.5881    -7.60751   0.0261249
          14    -7.50428    -7.60014    0.025286
          15    -7.62319    -7.60168   0.0235901
          16    -7.53585    -7.59756   0.0224468
          17    -7.52961    -7.59357   0.0214606
          18    -7.50479    -7.58863   0.0208257
          19    -7.46787    -7.58228   0.0206992
          20    -7.45312    -7.57582   0.0206716
          21    -7.61817    -7.57784   0.0197657
          22    -7.62375    -7.57992   0.0189611
          23    -7.50115     -7.5765   0.0184388
          24    -7.47835    -7.57241   0.0181212
          25    -7.48354    -7.56885    0.017741
          26    -7.59482    -7.56985   0.0170742
          27     -7.6236    -7.57184   0.0165499
          28    -7.52608    -7.57021   0.0160314
          29    -7.58434     -7.5707   0.0154764
          30    -7.62599    -7.57254   0.0150648
          31    -7.61957    -7.57406   0.0146495
          32     -7.5576    -7.57354   0.0141936
          33    -7.69602    -7.57725   0.0142486
          34    -7.58676    -7.57753    0.013826
          35    -7.51479    -7.57574   0.0135443
          36    -7.66575    -7.57824   0.0133981
          37    -7.58259    -7.57836   0.0130315
          38    -7.58214    -7.57846   0.0126843
          39    -7.52041    -7.57697   0.0124441
          40    -7.58894    -7.57727   0.0121327
          41    -7.56604    -7.57699   0.0118362
          42    -7.53266    -7.57594   0.0115991
          43    -7.59876    -7.57647   0.0113386
          44    -7.50757     -7.5749    0.011188
          45    -7.52145    -7.57372   0.0110009
          46    -7.56939    -7.57362   0.0107595
          47    -7.71098    -7.57654   0.0109262
          48    -7.57209    -7.57645   0.0106965
          49    -7.48293    -7.57454   0.0106484
          50    -7.59596    -7.57497    0.010442
          51    -7.57824    -7.57504   0.0102354
          52    -7.58652    -7.57526   0.0100391
          53    -7.46362    -7.57315   0.0100706
          54    -7.51791    -7.57213  0.00993513
          55    -7.59402    -7.57253  0.00976094
          56    -7.54036    -7.57195  0.00960225
          57    -7.53136    -7.57124  0.00945913
          58    -7.57027    -7.57122  0.00929462
          59    -7.56652    -7.57114  0.00913608
          60    -7.47765    -7.56958  0.00911667
          61    -7.41501    -7.56705  0.00931716
          62    -7.45137    -7.56518  0.00935363
          63    -7.52246    -7.56451  0.00922891
          64     -7.5457    -7.56421  0.00908832
          65    -7.49829     -7.5632   0.0090047
          66    -7.34579     -7.5599   0.0094593
          67    -7.48426    -7.55878  0.00938519
          68    -7.46177    -7.55735  0.00935554
          69    -7.53224    -7.55699  0.00922613
          70    -7.50154    -7.55619   0.0091278
          71    -7.48894    -7.55525  0.00904804
          72    -7.45101     -7.5538  0.00903819
          73    -7.61757    -7.55467  0.00895623
          74    -7.60109     -7.5553  0.00885661
          75    -7.62263     -7.5562  0.00878372
          76    -7.56435     -7.5563  0.00866803
          77     -7.5186    -7.55581  0.00856873
          78    -7.60805    -7.55648  0.00848462
          79    -7.52775    -7.55612  0.00838442
          80    -7.56061    -7.55618  0.00827915
          81    -7.58257     -7.5565  0.00818278
          82    -7.56416     -7.5566  0.00808292
          83    -7.60338    -7.55716  0.00800481
          84    -7.59248    -7.55758  0.00792011
          85    -7.58846    -7.55794  0.00783481
          86    -7.46968    -7.55692   0.0078109
          87    -7.49469     -7.5562  0.00775366
          88    -7.56514     -7.5563  0.00766571
          89    -7.41748    -7.55474  0.00773794
          90    -7.47591    -7.55387  0.00770146
          91    -7.54099    -7.55373  0.00761767
          92    -7.65024    -7.55477  0.00760709
          93    -7.52183    -7.55442  0.00753318
          94    -7.58677    -7.55476  0.00746055
          95    -7.65676    -7.55584  0.00745928
          96    -7.60875    -7.55639  0.00740172
          97    -7.60102    -7.55685  0.00733946
          98      -7.646    -7.55776  0.00732092
          99    -7.58221    -7.55801   0.0072508
         100    -7.68935    -7.55932   0.0072971
         101    -7.61284    -7.55985   0.0072439
         102    -7.58965    -7.56014  0.00717848
         103    -7.53579    -7.55991  0.00711238
         104    -7.57101    -7.56001  0.00704447
         105    -7.50438    -7.55948  0.00699714
         106    -7.51826    -7.55909  0.00694172
         107    -7.68615    -7.56028   0.0069783
         108    -7.60623    -7.56071  0.00692647
         109    -7.58534    -7.56093  0.00686635
         110    -7.58117    -7.56112  0.00680613
         111    -7.56952    -7.56119  0.00674496
         112    -7.56206     -7.5612  0.00668447
         113    -7.58323    -7.56139  0.00662792
         114    -7.51349    -7.56097  0.00658295
         115    -7.55983    -7.56096  0.00652546
         116    -7.63079    -7.56157  0.00649691
         117     -7.5511    -7.56148  0.00644176
         118    -7.46644    -7.56067  0.00643752
         119    -7.60109    -7.56101  0.00639222
         120    -7.55581    -7.56097  0.00633888
         121    -7.49186     -7.5604  0.00631217
         122    -7.52388     -7.5601  0.00626736
         123    -7.47958    -7.55944  0.00625057
         124    -7.52437    -7.55916  0.00620641
         125    -7.42728    -7.55811   0.0062463
         126    -7.48756    -7.55755  0.00622176
         127    -7.55159     -7.5575  0.00617276
         128    -7.58644    -7.55772  0.00612851
         129     -7.5313    -7.55752  0.00608427
         130    -7.50269     -7.5571    0.006052
         131    -7.60241    -7.55744  0.00601558
         132    -7.54526    -7.55735  0.00597054
         133    -7.48574    -7.55681  0.00594989
         134    -7.58715    -7.55704  0.00590966
         135      -7.588    -7.55727  0.00587021
         136    -7.60594    -7.55763  0.00583787
         137     -7.6741    -7.55848  0.00585713
         138    -7.66268    -7.55923  0.00586335
         139    -7.50869    -7.55887  0.00583236
         140    -7.46329    -7.55819  0.00583066
         141    -7.44386    -7.55737  0.00584567
         142    -7.50251    -7.55699  0.00581721
         143    -7.55679    -7.55699  0.00577638
         144    -7.46587    -7.55635  0.00577092
         145    -7.53465     -7.5562  0.00573294
         146    -7.59321    -7.55646  0.00569917
         147    -7.57432    -7.55658  0.00566157
         148    -7.51523     -7.5563  0.00563013
         149    -7.63829    -7.55685  0.00561922
         150    -7.59367     -7.5571  0.00558703
         151    -7.64695    -7.55769  0.00558172
         152    -7.61315    -7.55806  0.00555687
         153    -7.57281    -7.55815  0.00552127
         154    -7.61044    -7.55849   0.0054958
         155    -7.59582    -7.55873  0.00546553
         156    -7.50384    -7.55838  0.00544177
         157    -7.58247    -7.55853  0.00540918
         158    -7.59298    -7.55875  0.00537925
         159    -7.61467     -7.5591  0.00535687
         160    -7.62384    -7.55951  0.00533864
         161     -7.6124    -7.55984  0.00531554
         162     -7.6063    -7.56012   0.0052904
         163    -7.56883    -7.56018  0.00525812
         164    -7.49344    -7.55977  0.00524178
         165    -7.50617    -7.55945  0.00522003
         166      -7.516    -7.55918  0.00519509
         167    -7.57239    -7.55926  0.00516449
         168    -7.49757     -7.5589  0.00514677
         169     -7.5099    -7.55861  0.00512444
         170     -7.5491    -7.55855  0.00509451
         171     -7.5488    -7.55849  0.00506495
         172    -7.61216     -7.5588  0.00504508
         173    -7.59431    -7.55901  0.00502002
         174    -7.62615     -7.5594  0.00500598
         175    -7.55503    -7.55937  0.00497736
         176    -7.41444    -7.55855  0.00501704
         177    -7.40703    -7.55769  0.00506153
         178    -7.51694    -7.55746  0.00503822
         179    -7.47184    -7.55698  0.00503278
         180    -7.57287    -7.55707  0.00500552
         181     -7.5143    -7.55684  0.00498339
         182    -7.50966    -7.55658  0.00496271
         183    -7.56566    -7.55663  0.00493577
         184     -7.5472    -7.55658  0.00490914
         185    -7.44172    -7.55595  0.00492184
         186    -7.55974    -7.55597  0.00489535
         187    -7.40711    -7.55518  0.00493375
         188    -7.60587    -7.55545  0.00491484
         189    -7.52988    -7.55531  0.00489064
         190    -7.65577    -7.55584  0.00489348
         191    -7.60644    -7.55611  0.00487499
         192    -7.60488    -7.55636  0.00485618
         193    -7.53065    -7.55623  0.00483279
         194    -7.59548    -7.55643  0.00481207
         195    -7.64123    -7.55686  0.00480704
         196    -7.60811    -7.55713  0.00478959
         197    -7.51545    -7.55691  0.00476991
         198    -7.51037    -7.55668  0.00475158
         199    -7.46844    -7.55624  0.00474839
         200    -7.45046    -7.55571   0.0047541
         201    -7.49351     -7.5554  0.00474049
         202    -7.46784    -7.55496  0.00473684
         203    -7.58543    -7.55511  0.00471584
         204    -7.58867    -7.55528  0.00469555
         205    -7.59108    -7.55545  0.00467585
         206    -7.66696    -7.55599  0.00468447
         207     -7.5516    -7.55597  0.00466184
         208      -7.563    -7.55601  0.00463949
         209    -7.57965    -7.55612  0.00461863
         210    -7.44248    -7.55558  0.00462832
         211    -7.47041    -7.55518  0.00462399
         212    -7.55831    -7.55519  0.00460215
         213    -7.46389    -7.55476   0.0046005
         214    -7.48024    -7.55441  0.00459218
         215    -7.55141     -7.5544  0.00457079
         216    -7.50412    -7.55417  0.00455553
         217    -7.62566     -7.5545  0.00454644
         218    -7.54521    -7.55445  0.00452574
         219    -7.55222    -7.55444  0.00450503
         220    -7.61239    -7.55471  0.00449224
         221    -7.59471    -7.55489  0.00447553
         222    -7.63966    -7.55527  0.00447166
         223    -7.59332    -7.55544  0.00445483
         224    -7.69138    -7.55605  0.00447623
         225    -7.70726    -7.55672  0.00450668
         226    -7.66623     -7.5572  0.00451279
         227    -7.62996    -7.55752  0.00450428
         228    -7.60145    -7.55772  0.00448862
         229    -7.49763    -7.55745  0.00447667
         230    -7.56731     -7.5575  0.00445737
         231     -7.6275     -7.5578  0.00444837
         232    -7.55655     -7.5578  0.00442916
         233    -7.56819    -7.55784  0.00441033
         234    -7.50754    -7.55762   0.0043967
         235    -7.49241    -7.55735  0.00438674
         236    -7.48007    -7.55702  0.00438037
         237    -7.56431    -7.55705  0.00436196
         238    -7.61957    -7.55731  0.00435153
         239    -7.56958    -7.55736  0.00433359
         240    -7.55886    -7.55737   0.0043155
         241    -7.58767     -7.5575  0.00429939
         242    -7.54536    -7.55745  0.00428188
         243    -7.48042    -7.55713  0.00427599
         244    -7.55118    -7.55711   0.0042585
         245    -7.55787    -7.55711  0.00424108
         246    -7.56044    -7.55712  0.00422383
         247    -7.51403    -7.55695  0.00421031
         248    -7.53661    -7.55687   0.0041941
         249    -7.57195    -7.55693  0.00417766
         250    -7.52068    -7.55678  0.00416344
         251    -7.54847    -7.55675  0.00414695
         252    -7.57101     -7.5568  0.00413085
         253    -7.51611    -7.55664  0.00411764
         254    -7.60912    -7.55685  0.00410659
         255    -7.66913    -7.55729  0.00411409
         256    -7.52659    -7.55717  0.00409974
         257    -7.46612    -7.55682  0.00409909
         258    -7.54695    -7.55678  0.00408335
         259     -7.5217    -7.55664  0.00406981
         260     -7.5275    -7.55653  0.00405568
         261    -7.55144    -7.55651  0.00404016
         262    -7.50118     -7.5563  0.00403024
         263    -7.60807     -7.5565  0.00401971
         264    -7.56133    -7.55651   0.0040045
         265    -7.60693    -7.55671  0.00399389
         266    -7.49822    -7.55649  0.00398492
         267    -7.53959    -7.55642  0.00397047
         268    -7.54469    -7.55638  0.00395587
         269    -7.48502    -7.55611  0.00395006
         270    -7.51139    -7.55595  0.00393889
         271    -7.49898    -7.55574  0.00392995
         272    -7.54152    -7.55568  0.00391582
         273    -7.54399    -7.55564  0.00390169
         274    -7.57303    -7.55571  0.00388794
         275    -7.57681    -7.55578  0.00387454
         276    -7.61202    -7.55599  0.00386585
         277    -7.60815    -7.55617  0.00385647
         278    -7.59491    -7.55631  0.00384509
         279    -7.63444    -7.55659  0.00384151
         280    -7.59999    -7.55675   0.0038309
         281    -7.68469     -7.5572   0.0038443
         282    -7.63307    -7.55747  0.00384008
         283    -7.59306     -7.5576  0.00382855
         284     -7.5299     -7.5575  0.00381629
         285    -7.58061    -7.55758  0.00380374
         286    -7.61988     -7.5578  0.00379667
         287    -7.57618    -7.55786  0.00378396
         288    -7.52174    -7.55774  0.00377289
         289    -7.51816     -7.5576   0.0037623
         290    -7.66387    -7.55797  0.00376717
         291    -7.58762    -7.55807  0.00375559
         292    -7.48074    -7.55781  0.00375206
         293    -7.55446    -7.55779  0.00373925
         294    -7.53378    -7.55771  0.00372741
         295    -7.50252    -7.55753  0.00371946
         296    -7.56782    -7.55756  0.00370703
         297    -7.47405    -7.55728  0.00370522
         298    -7.53235     -7.5572  0.00369371
         299    -7.56558    -7.55722  0.00368144
         300    -7.58809    -7.55733  0.00367059
         301    -7.58138    -7.55741  0.00365925
         302    -7.58431    -7.55749   0.0036482
         303    -7.60972    -7.55767  0.00364022
         304    -7.59637    -7.55779  0.00363046
         305    -7.54685    -7.55776  0.00361872
         306    -7.61775    -7.55795   0.0036122
         307    -7.50444    -7.55778  0.00360463
         308    -7.55622    -7.55778  0.00359291
         309    -7.60859    -7.55794  0.00358504
         310    -7.54671     -7.5579  0.00357364
         311    -7.61413    -7.55808  0.00356671
         312    -7.63755    -7.55834  0.00356438
         313    -7.55767    -7.55834  0.00355297
         314    -7.60879     -7.5585  0.00354528
         315    -7.56134    -7.55851  0.00353402
         316    -7.53163    -7.55842  0.00352384
         317     -7.4887     -7.5582  0.00351959
         318    -7.46032    -7.55789  0.00352198
         319    -7.61324    -7.55807   0.0035152
         320    -7.54852    -7.55804  0.00350433
         321    -7.59345    -7.55815  0.00349514
         322    -7.52028    -7.55803  0.00348625
         323    -7.47236    -7.55777  0.00348554
         324    -7.48984    -7.55756  0.00348109
         325    -7.49995    -7.55738  0.00347488
         326    -7.41439    -7.55694  0.00349187
         327    -7.56354    -7.55696  0.00348123
         328    -7.67057    -7.55731  0.00348784
         329    -7.53405    -7.55724  0.00347794
         330     -7.4461     -7.5569   0.0034837
         331    -7.50871    -7.55675  0.00347621
         332    -7.57806    -7.55682  0.00346632
         333    -7.53371    -7.55675  0.00345659
         334    -7.61707    -7.55693  0.00345096
         335     -7.5447    -7.55689  0.00344083
         336    -7.65196    -7.55717  0.00344222
         337    -7.44905    -7.55685  0.00344696
         338    -7.52417    -7.55676  0.00343811
         339    -7.48039    -7.55653  0.00343534
         340    -7.43177    -7.55617  0.00344482
         341    -7.51427    -7.55604   0.0034369
         342    -7.59767    -7.55616    0.003429
         343    -7.52092    -7.55606  0.00342053
         344    -7.53476      -7.556  0.00341114
         345    -7.53501    -7.55594  0.00340178
         346    -7.55156    -7.55593  0.00339196
         347     -7.5699    -7.55597  0.00338241
         348    -7.56403    -7.55599  0.00337275
         349    -7.65935    -7.55629  0.00337609
         350    -7.60364    -7.55642  0.00336915
         351    -7.48312    -7.55621  0.00336602
         352    -7.48465    -7.55601   0.0033626
         353    -7.42074    -7.55563  0.00337488
         354    -7.45299    -7.55534   0.0033778
         355    -7.52438    -7.55525   0.0033694
         356    -7.48472    -7.55505  0.00336576
         357    -7.61149    -7.55521  0.00336004
         358    -7.61391    -7.55537  0.00335465
         359    -7.58815    -7.55546  0.00334654
         360    -7.52478    -7.55538  0.00333831
         361    -7.53912    -7.55533  0.00332936
         362    -7.59542    -7.55544    0.003322
         363    -7.57548     -7.5555  0.00331329
         364    -7.59896    -7.55562  0.00330633
         365    -7.59909    -7.55574  0.00329941
         366    -7.58352    -7.55581  0.00329126
         367    -7.50381    -7.55567  0.00328534
         368    -7.54011    -7.55563  0.00327667
         369    -7.56488    -7.55565  0.00326788
         370    -7.56118    -7.55567  0.00325907
         371    -7.51364    -7.55556  0.00325224
         372    -7.53043    -7.55549  0.00324419
         373    -7.46543    -7.55525  0.00324448
         374     -7.5036    -7.55511  0.00323874
         375    -7.47671     -7.5549  0.00323685
         376    -7.52067    -7.55481  0.00322951
         377    -7.52488    -7.55473  0.00322191
         378    -7.59774    -7.55484  0.00321539
         379    -7.50772    -7.55472   0.0032093
         380    -7.56778    -7.55475  0.00320103
         381    -7.69397    -7.55512  0.00321346
         382    -7.60214    -7.55524   0.0032074
         383    -7.53582    -7.55519  0.00319942
         384    -7.49239    -7.55503  0.00319526
         385    -7.41487    -7.55466  0.00320768
         386    -7.46929    -7.55444  0.00320699
         387    -7.63181    -7.55464  0.00320494
         388    -7.57939    -7.55471   0.0031973
         389    -7.59817    -7.55482  0.00319103
         390    -7.47331    -7.55461  0.00318969
         391    -7.48259    -7.55442  0.00318685
         392    -7.53276    -7.55437  0.00317919
         393    -7.59506    -7.55447  0.00317278
         394    -7.56883    -7.55451  0.00316493
         395    -7.49522    -7.55436  0.00316047
         396    -7.51192    -7.55425   0.0031543
         397    -7.56113    -7.55427  0.00314639
         398    -7.57019    -7.55431  0.00313873
         399    -7.46589    -7.55409  0.00313869
         400    -7.61706    -7.55425  0.00313479
         401     -7.5455    -7.55422  0.00312704
         402    -7.55725    -7.55423  0.00311926
         403    -7.60367    -7.55435  0.00311393
         404    -7.53549    -7.55431  0.00310656
         405    -7.60853    -7.55444  0.00310177
         406    -7.53992    -7.55441  0.00309433
         407    -7.62836    -7.55459  0.00309206
         408    -7.50787    -7.55447   0.0030866
         409    -7.48659    -7.55431  0.00308351
         410    -7.56716    -7.55434  0.00307614
         411    -7.54065     -7.5543  0.00306883
         412    -7.59164     -7.5544  0.00306271
         413    -7.47341     -7.5542  0.00306157
         414     -7.4844    -7.55403  0.00305882
         415    -7.54846    -7.55402  0.00305147
         416    -7.62559    -7.55419  0.00304898
         417    -7.58435    -7.55426  0.00304252
         418    -7.57771    -7.55432  0.00303575
         419    -7.55157    -7.55431   0.0030285
         420    -7.51318    -7.55421  0.00302287
         421    -7.52913    -7.55415  0.00301627
         422     -7.5456    -7.55413  0.00300918
         423    -7.54079     -7.5541  0.00300223
         424    -7.52477    -7.55403  0.00299594
         425    -7.52403    -7.55396  0.00298971
         426    -7.52778     -7.5539  0.00298332
         427    -7.58913    -7.55398  0.00297747
         428    -7.51982     -7.5539  0.00297158
         429    -7.53338    -7.55386  0.00296503
         430    -7.60222    -7.55397  0.00296026
         431    -7.59933    -7.55407  0.00295526
         432    -7.56844    -7.55411   0.0029486
         433    -7.53479    -7.55406  0.00294212
         434    -7.52884      -7.554  0.00293591
         435    -7.43465    -7.55373  0.00294197
         436    -7.39905    -7.55337  0.00295658
         437    -7.52416    -7.55331  0.00295056
         438    -7.55514    -7.55331  0.00294382
         439      -7.547     -7.5533  0.00293714
         440    -7.37781     -7.5529  0.00295748
         441     -7.4614    -7.55269  0.00295805
         442    -7.54459    -7.55267   0.0029514
         443    -7.41224    -7.55236  0.00296175
         444    -7.39977    -7.55201  0.00297499
         445    -7.40684    -7.55169  0.00298616
         446    -7.47685    -7.55152  0.00298418
         447    -7.58458    -7.55159  0.00297842
         448    -7.51635    -7.55151   0.0029728
         449    -7.58148    -7.55158  0.00296693
         450    -7.53526    -7.55154  0.00296055
         451    -7.50777    -7.55145  0.00295557
         452    -7.56198    -7.55147  0.00294912
         453    -7.57729    -7.55153  0.00294315
         454    -7.55592    -7.55154  0.00293668
         455    -7.56596    -7.55157  0.00293039
         456    -7.54046    -7.55154  0.00292406
         457    -7.65397    -7.55177  0.00292625
         458    -7.54709    -7.55176  0.00291987
         459    -7.68364    -7.55205  0.00292763
         460    -7.59616    -7.55214  0.00292283
         461    -7.56398    -7.55217   0.0029166
         462     -7.5979    -7.55227  0.00291196
         463    -7.50701    -7.55217  0.00290731
         464    -7.59698    -7.55226  0.00290265
         465    -7.53181    -7.55222  0.00289673
         466    -7.48574    -7.55208  0.00289403
         467    -7.66703    -7.55232  0.00289829
         468    -7.60853    -7.55244  0.00289459
         469    -7.50554    -7.55234  0.00289014
         470    -7.56823    -7.55238  0.00288418
         471    -7.65991    -7.55261  0.00288709
         472    -7.72455    -7.55297  0.00290391
         473    -7.51209    -7.55288  0.00289905
         474    -7.48158    -7.55273  0.00289684
         475    -7.52655    -7.55268  0.00289126
         476     -7.6189    -7.55282  0.00288853
         477    -7.53903    -7.55279  0.00288261
         478    -7.50314    -7.55269  0.00287845
         479    -7.56015     -7.5527  0.00287248
         480     -7.4364    -7.55246  0.00287671
         481    -7.37856     -7.5521   0.0028934
         482    -7.50592      -7.552  0.00288898
         483    -7.43869    -7.55177  0.00289252
         484    -7.45836    -7.55157  0.00289298
         485    -7.52114    -7.55151  0.00288769
         486    -7.53763    -7.55148  0.00288189
         487    -7.51436    -7.55141  0.00287697
         488    -7.51239    -7.55133  0.00287218
         489    -7.55214    -7.55133   0.0028663
         490     -7.6184    -7.55146  0.00286372
         491    -7.59606    -7.55156  0.00285933
         492     -7.5379    -7.55153  0.00285364
         493    -7.55944    -7.55154   0.0028479
         494    -7.47253    -7.55138  0.00284662
         495    -7.51543    -7.55131  0.00284179
         496    -7.49699     -7.5512  0.00283817
         497     -7.5612    -7.55122  0.00283253
         498     -7.4899     -7.5511  0.00282951
         499    -7.45308     -7.5509  0.00283066
         500    -7.40319    -7.55061   0.0028404
