1.43183                   0
1.43292          0.00108197
1.47885           0.0459344
1.4781           0.0324891
1.4829           0.0256195
1.48387           0.0209407
1.493           0.0199144
1.49334           0.0172499
1.49966           0.0164727
1.49801           0.0148261
1.49905            0.013451
1.50197           0.0126212
1.50895           0.0135467
1.51074           0.0126689
1.5098           0.0118316
1.51175           0.0112379
1.51463           0.0109421
1.51923           0.0112969
1.51854           0.0107081
1.5147           0.0108614
1.51272           0.0105186
1.5126           0.0100298
1.51379           0.0096568
1.51527          0.00936387
1.51652          0.00906744
1.51218          0.00973199
1.50972          0.00968257
1.50844          0.00941714
1.5102          0.00925552
1.51252          0.00923735
1.51056          0.00914757
1.50946          0.00892465
1.50941          0.00865015
1.51086          0.00851601
1.50811          0.00871208
1.50539          0.00889509
1.50435          0.00871374
1.50566           0.0085828
1.50332          0.00868124
1.50424          0.00851149
1.5042          0.00830141
1.50609          0.00831805
1.5033          0.00858545
1.50214          0.00846889
1.50126          0.00832481
1.50168          0.00815235
1.50238          0.00800802
1.50168          0.00787082
1.50268          0.00777371
1.50407          0.00774199
1.50418          0.00758954
1.50434          0.00744369
1.5052          0.00735279
1.50515          0.00721554
1.50633          0.00718169
1.5063          0.00705236
1.50595          0.00693608
1.50647          0.00683506
1.5067          0.00672223
1.50721          0.00662876
1.506          0.00663135
1.50458          0.00667608
1.50481          0.00657348
1.50559          0.00651646
1.50541          0.00641789
1.50432          0.00641299
1.50347          0.00637388
1.50403          0.00630456
1.5042          0.00621476
1.5049          0.00616536
1.50426          0.00611191
1.5047          0.00604292
1.50446          0.00596439
1.50431          0.00588529
1.50335          0.00588404
1.50331          0.00580624
1.50273          0.00575976
1.5029          0.00568799
1.50265          0.00562118
1.50147          0.00567393
1.501          0.00562301
1.50145           0.0055717
1.50155          0.00550519
1.50235          0.00549732
1.50337          0.00552714
1.50439          0.00555697
1.50418           0.0054968
1.50487          0.00547739
1.50421          0.00545537
1.50439          0.00539738
1.50427          0.00533897
1.50379          0.00530321
1.50306          0.00529538
1.50332          0.00524524
1.50245          0.00526333
1.50234           0.0052094
1.50311          0.00521311
1.50303          0.00516022
1.50322          0.00511148
1.50323          0.00506011
1.50228          0.00509974
1.5027          0.00506684
1.50277          0.00501787
1.50297          0.00497341
1.50284          0.00492731
1.50215           0.0049298
1.50247          0.00489377
1.5026          0.00485021
1.50207          0.00483559
1.50094          0.00492273
1.50172           0.0049409
1.50088          0.00496896
1.50029          0.00495994
1.50013          0.00491886
1.49913          0.00497763
1.49859           0.0049637
1.49838          0.00492548
1.49785          0.00491219
1.49779          0.00487116
1.49784          0.00483068
1.49792          0.00479127
1.49731          0.00479118
1.49686          0.00477264
1.49729          0.00475331
1.49741          0.00471667
1.49731          0.00468026
1.49739          0.00464398
1.49769          0.00461721
1.49767          0.00458129
1.4983          0.00458897
1.49925          0.00465069
1.50021          0.00471536
1.50027          0.00468019
1.50022          0.00464541
1.50002          0.00461537
1.49959          0.00460109
1.49924          0.00458147
1.49867          0.00458268
1.49872           0.0045498
1.49841          0.00452794
1.49844          0.00449583
1.49876          0.00447552
1.49889          0.00444594
1.49855          0.00442743
1.49874          0.00440087
1.49808          0.00441996
1.49786          0.00439542
1.4984          0.00439872
1.4984           0.0043691
1.49821          0.00434386
1.4986          0.00433221
1.49898          0.00432042
1.49929          0.00430346
1.49941          0.00427713
1.49926            0.004252
1.49914          0.00422641
1.49956          0.00421982
1.49969          0.00419525
1.49996          0.00417746
1.5002          0.00415799
1.49974          0.00415796
1.50012          0.00415033
1.49975          0.00414203
1.49978          0.00411686
1.4999          0.00409356
1.50003          0.00407081
1.50038          0.00406133
1.50078          0.00405717
1.50175          0.00414735
1.50162          0.00412488
1.50179           0.0041045
1.50152          0.00408961
1.50129          0.00407286
1.50128           0.0040494
1.50167          0.00404537
1.50165          0.00402235
1.50167          0.00399959
1.5017          0.00397721
1.5015          0.00396048
1.50102          0.00396715
1.50104          0.00394521
1.50098          0.00392382
1.50063          0.00391791
1.50027          0.00391361
1.50061          0.00390733
1.50046          0.00388935
1.50019          0.00387798
1.50024          0.00385766
1.50027          0.00383732
1.50068          0.00383903
1.5004          0.00382911
1.50038          0.00380914
1.50041          0.00378944
1.50036          0.00377016
1.50025          0.00375248
1.50017          0.00373412
1.50012          0.00371538
1.50018          0.00369705
1.49989          0.00369038
1.50049          0.00372089
