4.85988                   0
4.87325           0.0133704
4.96876           0.0958201
4.98126           0.0688973
5.00704           0.0592713
5.0156           0.0491453
5.00035           0.0442474
4.99744           0.0384295
5.00168           0.0341558
5.01011           0.0316923
4.99085            0.034536
4.98029            0.033249
4.98276           0.0306839
4.97817           0.0287755
4.96332           0.0306314
4.95548           0.0297054
4.94852           0.0287573
4.94355           0.0275657
4.94301             0.02608
4.95731           0.0285771
4.95507           0.0272744
4.95478           0.0260067
4.95613           0.0248867
4.96194           0.0245271
4.95534           0.0244348
4.96665           0.0260567
4.96446           0.0251679
4.97098           0.0251137
4.96916           0.0243007
4.96902           0.0234771
4.97627           0.0238363
4.98157           0.0236809
4.9832           0.0230093
4.97744           0.0230522
4.98085           0.0226413
4.98451           0.0223066
4.98703           0.0218405
4.98914           0.0213628
4.99047           0.0208504
4.98693           0.0206287
4.99251           0.0208792
4.98876            0.020718
4.98733           0.0202812
4.98583           0.0198712
4.9864            0.019433
4.98315           0.0192828
4.98293           0.0188694
4.97787           0.0191511
4.97276           0.0194408
4.97576           0.0192825
4.9739           0.0189917
4.97536           0.0186803
4.97481           0.0183329
4.97394           0.0180111
4.97397           0.0176806
4.97214           0.0174587
4.97184           0.0171524
4.97137           0.0168605
4.97293           0.0166451
4.97627           0.0167042
4.97391           0.0165978
4.97205           0.0164324
4.97688            0.016873
4.97408           0.0168406
4.97359           0.0165867
4.97472            0.016372
4.97649           0.0162231
4.97526           0.0160302
4.97197           0.0161356
4.97114           0.0159251
4.97232           0.0157434
4.97431           0.0156509
4.97472           0.0154405
4.97515           0.0152364
4.97341           0.0151319
4.97393           0.0149403
4.97469           0.0147648
4.97592            0.014626
4.97857           0.0146804
4.98232           0.0149732
4.98279           0.0147946
4.98193           0.0146382
4.98083           0.0145022
4.97695            0.014846
4.97817           0.0147211
4.98046           0.0147275
4.97742            0.014871
4.97626           0.0147463
4.97648           0.0145813
4.97855            0.014566
4.98074            0.014571
4.98288           0.0145691
4.98182           0.0144506
4.98384           0.0144386
4.98644             0.01452
4.9845            0.014499
4.982           0.0145634
4.98215           0.0144147
4.98075           0.0143361
4.98016           0.0142044
4.98019           0.0140631
4.98031            0.013925
4.98053           0.0137909
4.9793           0.0137125
4.97813           0.0136317
4.97839            0.013505
4.97943           0.0134184
4.98041           0.0133294
4.98249           0.0133698
4.98016           0.0134522
4.98189           0.0134433
4.98146           0.0133296
4.98169           0.0132131
4.98211           0.0131035
4.98524           0.0133609
4.98759            0.013451
4.98973           0.0135071
4.99033           0.0134053
4.99185           0.0133793
4.99231           0.0132755
4.99175           0.0131775
4.99088           0.0130977
4.98987           0.0130297
4.98978           0.0129246
4.99122           0.0129018
4.99283           0.0128999
4.99294           0.0127984
4.99246           0.0127073
4.9936           0.0126603
4.99461           0.0126027
4.99669           0.0126789
4.99506           0.0126875
4.99363           0.0126729
4.99351           0.0125786
4.99599           0.0127297
4.99717           0.0126912
4.99747           0.0126017
4.99816            0.012529
4.99757           0.0124524
4.99695           0.0123788
4.99718            0.012293
4.99791           0.0122281
4.99942            0.012235
4.9999           0.0121592
4.99847           0.0121585
4.99846           0.0120749
5.00042           0.0121512
4.99972           0.0120891
4.99887           0.0120375
4.9987           0.0119581
4.99801           0.0118988
4.9974           0.0118361
4.99765           0.0117612
4.99933           0.0118048
4.99982           0.0117384
4.99962           0.0116644
4.9992           0.0115977
4.99841           0.0115512
4.99798           0.0114863
4.99791           0.0114145
4.99712           0.0113705
4.99661           0.0113116
4.99678           0.0112432
4.99746           0.0111951
4.99771           0.0111299
4.99712           0.0110781
4.99729           0.0110129
4.99856           0.0110198
4.99782           0.0109792
4.99725           0.0109292
4.99708           0.0108665
4.99776           0.0108245
4.99873           0.0108055
4.99839           0.0107484
4.99796           0.0106956
4.99773           0.0106373
4.9982           0.0105877
4.9989            0.010551
4.99843           0.0105024
4.99693           0.0105511
4.99658           0.0104983
4.99604           0.0104544
4.99596           0.0103975
4.99442           0.0104553
4.99483           0.0104068
4.99436           0.0103614
4.99315           0.0103758
4.99246           0.0103438
4.99223           0.0102916
4.99164           0.0102543
4.99186            0.010203
4.99124           0.0101689
4.99036           0.0101538
4.99156           0.0101719
4.991           0.0101352
4.98948           0.0101968
4.98881           0.0101674
4.98789           0.0101569
4.98858           0.0101291
4.98893           0.0100842
