              1        7.57943        7.57943              0
              2        7.51976         7.5496      0.0298356
              3         7.5197        7.53963      0.0199001
              4        7.56271         7.5454       0.015208
              5        7.69367        7.57506      0.0319083
              6        7.57621        7.57525      0.0260538
              7        7.75587        7.60105      0.0339213
              8        7.60209        7.60118       0.029377
              9        7.55871        7.59646      0.0263343
             10        7.56602        7.59342        0.02375
             11        7.51378        7.58618      0.0226698
             12        7.51756        7.58046      0.0214701
             13        7.59602        7.58166      0.0197859
             14        7.55441        7.57971      0.0184213
             15        7.71924        7.58901      0.0195096
             16        7.69096        7.59538        0.01933
             17        7.63208        7.59754      0.0182852
             18        7.56153        7.59554      0.0173552
             19        7.53856        7.59254      0.0166881
             20        7.54566         7.5902      0.0160043
             21        7.54483        7.58804      0.0153757
             22        7.63404        7.59013      0.0148085
             23        7.55278        7.58851      0.0142429
             24        7.59621        7.58883      0.0136403
             25        7.50367        7.58542      0.0135195
             26        7.47051          7.581      0.0137205
             27        7.62744        7.58272      0.0133141
             28         7.5832        7.58274      0.0128298
             29        7.55326        7.58172      0.0124212
             30        7.62235        7.58308      0.0120761
             31        7.56308        7.58243      0.0116979
             32        7.55057        7.58144      0.0113701
             33        7.55428        7.58061      0.0110509
             34        7.54441        7.57955      0.0107736
             35        7.64002        7.58128       0.010603
             36        7.54241         7.5802      0.0103607
             37        7.69559        7.58331      0.0105483
             38        7.51481        7.58151      0.0104241
             39        7.53362        7.58028      0.0102273
             40        7.54445        7.57939      0.0100085
             41        7.56088        7.57894     0.00977173
             42        7.63854        7.58036     0.00964124
             43        7.63438        7.58161     0.00949782
             44        7.60314         7.5821     0.00929233
             45        7.67518        7.58417     0.00931602
             46        7.64376        7.58547     0.00920288
             47        7.62379        7.58628     0.00904179
             48        7.47909        7.58405     0.00912878
             49        7.57704         7.5839     0.00894168
             50        7.60473        7.58432     0.00877092
