              1       -7.54856       -7.54856              0
              2       -7.55983        -7.5542     0.00563757
              3       -7.56059       -7.55633     0.00389086
              4       -7.55289       -7.55547     0.00288215
              5       -7.52808       -7.54999     0.00591609
              6       -7.55027       -7.55004     0.00483069
              7       -7.51671       -7.54528     0.00627228
              8       -7.54455       -7.54518     0.00543271
              9       -7.55312       -7.54607     0.00487156
             10       -7.55124       -7.54658      0.0043879
             11       -7.56094       -7.54789     0.00417818
             12       -7.55995       -7.54889     0.00394425
             13       -7.54564       -7.54864     0.00363681
             14       -7.55375       -7.54901      0.0033867
             15       -7.52366       -7.54732     0.00357711
             16       -7.52877       -7.54616     0.00354125
             17       -7.54013        -7.5458     0.00334527
             18       -7.55246       -7.54617     0.00317558
             19       -7.55664       -7.54672     0.00305385
             20       -7.55574       -7.54718     0.00293202
             21       -7.55554       -7.54757     0.00281719
             22       -7.53934        -7.5472     0.00271206
             23       -7.55299       -7.54745     0.00260368
             24       -7.54609       -7.54739     0.00249347
             25         -7.563       -7.54802     0.00247178
             26       -7.56968       -7.54885      0.0025167
             27       -7.53981       -7.54852     0.00244474
             28       -7.54824       -7.54851     0.00235583
             29       -7.55327       -7.54867     0.00227907
             30       -7.54112       -7.54842     0.00221614
             31       -7.55224       -7.54854       0.002147
             32       -7.55449       -7.54873     0.00208713
             33       -7.55321       -7.54887     0.00202744
             34        -7.5553       -7.54905     0.00197599
             35       -7.53826       -7.54875     0.00194333
             36       -7.55563       -7.54894     0.00189824
             37       -7.52828       -7.54838      0.0019288
             38       -7.56078       -7.54871     0.00190553
             39        -7.5581       -7.54895     0.00187161
             40       -7.55496        -7.5491     0.00183041
             41       -7.55165       -7.54916     0.00178629
             42       -7.53842        -7.5489     0.00176187
             43        -7.5383       -7.54866       0.001738
             44        -7.5458       -7.54859     0.00169928
             45       -7.53135       -7.54821     0.00170471
             46       -7.53758       -7.54798     0.00168318
             47        -7.5408       -7.54782     0.00165405
             48       -7.56661       -7.54822     0.00166584
             49        -7.5492       -7.54824     0.00163162
             50       -7.54484       -7.54817     0.00160009
