           1           0           0           0
           1           0           0           0
           1           0           0           0
           1           0           0           0
           1           0           0           0
           1           0           0           0
           1           0           0           0
           1           0           0           0
           1           0        0.06           0
           1           0           0           0
           1           0           0           0
           1           0           0           0
           1           0        0.08           0
           1           0        0.04           0
           1           0        0.14           0
           1           0        0.08           0
           1           0         0.4           0
           1           0        1.56           0
           1           0       12.36           0
           1           0          46           0
           1           0       79.24           0
           1           0       80.12           0
           1           0       73.04           0
           1           0       63.36           0
           1           0       55.54           0
           1           0       47.42           0
           1           0       45.44           0
           1           0       40.36           0
           1           0       41.54           0
           1           0       43.22           0
           1           0       49.82           0
           1           0       53.82           0
           1           0       62.58           0
           1           0       64.52           0
           1           0       77.38           0
           1           0       87.88           0
           1           0        99.1           0
           1           0      113.36           0
           1           0      123.08           0
           1           0      130.46           0
           1           0      145.82           0
           1           0       146.3           0
           1           0       150.5           0
           1           0      145.66           0
           1           0      146.76           0
           1           0      146.58           0
           1           0      147.78           0
           1           0       157.3           0
           1           0      156.64           0
           1           0      167.28           0
           1           0       171.1           0
           1           0      168.48           0
           1           0      165.92           0
           1           0      159.96           0
           1           0      161.72           0
           1           0       161.9           0
           1           0      160.96           0
           1           0      160.24           0
           1           0      151.04           0
           1           0       141.7           0
           1           0      138.16           0
           1           0      126.24           0
           1           0      117.44           0
           1           0      108.48           0
           1           0        95.5           0
           1           0       85.02           0
           1           0        77.8           0
           1           0          71           0
           1           0        62.5           0
           1           0       51.42           0
           1           0        42.6           0
           1           0       36.38           0
           1           0       33.16           0
           1           0       28.78           0
           1           0       22.54           0
           1           0        19.4           0
           1           0       16.08           0
           1           0       14.64           0
           1           0        9.56           0
           1           0        6.52           0
           1           0        5.06           0
           1           0        2.12           0
           1           0        0.92           0
           1           0        0.34           0
           1           0        0.58           0
           1           0        0.12           0
           1           0           0           0
           1           0           0           0
           1           0           0           0
           1           0           0           0
           1           0           0           0
           1           0           0           0
           1           0           0           0
           1           0           0           0
           1           0           0           0
           1           0           0           0
           1           0           0           0
           1           0           0           0
           1           0           0           0
           1           0           0           0
           2           0           0           0
           2           0           0           0
           2           0           0           0
           2           0           0           0
           2           0           0           0
           2           0           0           0
           2           0           0           0
           2           0           0           0
           2           0        0.03           0
           2           0           0           0
           2           0           0           0
           2           0           0           0
           2           0        0.04           0
           2           0        0.02           0
           2           0        0.07           0
           2           0        0.04           0
           2           0         0.2           0
           2           0        0.97           0
           2           0       11.24           0
           2           0        44.8           0
           2           0       79.25           0
           2           0       80.77           0
           2           0       74.24           0
           2           0       63.53           0
           2           0        55.4           0
           2           0       49.09           0
           2           0       45.41           0
           2           0        41.7           0
           2           0       42.69           0
           2           0       43.28           0
           2           0        47.8           0
           2           0       52.96           0
           2           0       60.18           0
           2           0       66.02           0
           2           0       76.08           0
           2           0       87.54           0
           2           0       99.75           0
           2           0      111.18           0
           2           0      122.47           0
           2           0      134.46           0
           2           0      144.98           0
           2           0       146.6           0
           2           0      150.09           0
           2           0      149.06           0
           2           0      147.72           0
           2           0       147.3           0
           2           0      151.68           0
           2           0      155.93           0
           2           0      155.86           0
           2           0      164.32           0
           2           0      166.26           0
           2           0      164.94           0
           2           0      167.27           0
           2           0      162.69           0
           2           0      165.97           0
           2           0      164.74           0
           2           0      160.93           0
           2           0      157.65           0
           2           0       147.8           0
           2           0         142           0
           2           0      136.44           0
           2           0      124.92           0
           2           0      116.23           0
           2           0      107.11           0
           2           0       94.44           0
           2           0       86.34           0
           2           0       78.43           0
           2           0       70.37           0
           2           0       61.98           0
           2           0       53.59           0
           2           0       43.61           0
           2           0       38.87           0
           2           0       34.51           0
           2           0        29.7           0
           2           0       22.83           0
           2           0       20.02           0
           2           0       15.95           0
           2           0       13.43           0
           2           0        9.27           0
           2           0        6.19           0
           2           0        4.69           0
           2           0        2.27           0
           2           0        0.91           0
           2           0        0.38           0
           2           0        0.39           0
           2           0        0.11           0
           2           0        0.02           0
           2           0           0           0
           2           0           0           0
           2           0           0           0
           2           0           0           0
           2           0           0           0
           2           0           0           0
           2           0           0           0
           2           0           0           0
           2           0           0           0
           2           0           0           0
           2           0           0           0
           2           0           0           0
           2           0           0           0
           3           0           0           0
           3           0           0           0
           3           0           0           0
           3           0           0           0
           3           0           0           0
           3           0           0           0
           3           0           0           0
           3           0           0           0
           3           0        0.02           0
           3           0           0           0
           3           0           0           0
           3           0           0           0
           3           0   0.0266667           0
           3           0   0.0133333           0
           3           0   0.0466667           0
           3           0   0.0266667           0
           3           0    0.133333           0
           3           0        0.86           0
           3           0       10.68           0
           3           0       43.48           0
           3           0     78.1133           0
           3           0     80.9333           0
           3           0     76.4333           0
           3           0     64.8933           0
           3           0       56.42           0
           3           0       48.94           0
           3           0     46.1533           0
           3           0     41.8733           0
           3           0     42.4333           0
           3           0       44.58           0
           3           0     47.9467           0
           3           0     51.1533           0
           3           0          59           0
           3           0       65.34           0
           3           0     75.3333           0
           3           0       86.62           0
           3           0        97.7           0
           3           0      110.98           0
           3           0     122.433           0
           3           0      134.82           0
           3           0     144.833           0
           3           0      148.58           0
           3           0     152.207           0
           3           0      152.06           0
           3           0     148.653           0
           3           0     147.667           0
           3           0      152.28           0
           3           0     156.107           0
           3           0      155.94           0
           3           0     161.687           0
           3           0     164.113           0
           3           0     164.593           0
           3           0     166.713           0
           3           0     162.187           0
           3           0      164.24           0
           3           0     164.193           0
           3           0     160.753           0
           3           0     157.867           0
           3           0     149.713           0
           3           0     143.367           0
           3           0     133.033           0
           3           0     124.993           0
           3           0     115.793           0
           3           0      105.98           0
           3           0     95.7133           0
           3           0     85.9467           0
           3           0     78.0333           0
           3           0     71.9067           0
           3           0     64.0867           0
           3           0     55.4267           0
           3           0       45.56           0
           3           0     38.1933           0
           3           0     33.8533           0
           3           0     29.0533           0
           3           0     23.3067           0
           3           0     19.7133           0
           3           0       14.84           0
           3           0     12.5933           0
           3           0     9.16667           0
           3           0     6.27333           0
           3           0     4.72667           0
           3           0     2.51333           0
           3           0         1.1           0
           3           0    0.606667           0
           3           0    0.353333           0
           3           0        0.08           0
           3           0   0.0133333           0
           3           0           0           0
           3           0           0           0
           3           0           0           0
           3           0           0           0
           3           0           0           0
           3           0           0           0
           3           0           0           0
           3           0           0           0
           3           0           0           0
           3           0           0           0
           3           0           0           0
           3           0           0           0
           3           0           0           0
