           0           0           0
           0           0           0
           0           0           0
           0           0           0
           0           0           0
           0           0           0
           0           0           0
           0           0           0
           0        0.02           0
           0           0           0
           0           0           0
           0           0           0
           0   0.0266667           0
           0   0.0133333           0
           0   0.0466667           0
           0   0.0266667           0
           0    0.133333           0
           0        0.86           0
           0       10.68           0
           0       43.48           0
           0     78.1133           0
           0     80.9333           0
           0     76.4333           0
           0     64.8933           0
           0       56.42           0
           0       48.94           0
           0     46.1533           0
           0     41.8733           0
           0     42.4333           0
           0       44.58           0
           0     47.9467           0
           0     51.1533           0
           0          59           0
           0       65.34           0
           0     75.3333           0
           0       86.62           0
           0        97.7           0
           0      110.98           0
           0     122.433           0
           0      134.82           0
           0     144.833           0
           0      148.58           0
           0     152.207           0
           0      152.06           0
           0     148.653           0
           0     147.667           0
           0      152.28           0
           0     156.107           0
           0      155.94           0
           0     161.687           0
           0     164.113           0
           0     164.593           0
           0     166.713           0
           0     162.187           0
           0      164.24           0
           0     164.193           0
           0     160.753           0
           0     157.867           0
           0     149.713           0
           0     143.367           0
           0     133.033           0
           0     124.993           0
           0     115.793           0
           0      105.98           0
           0     95.7133           0
           0     85.9467           0
           0     78.0333           0
           0     71.9067           0
           0     64.0867           0
           0     55.4267           0
           0       45.56           0
           0     38.1933           0
           0     33.8533           0
           0     29.0533           0
           0     23.3067           0
           0     19.7133           0
           0       14.84           0
           0     12.5933           0
           0     9.16667           0
           0     6.27333           0
           0     4.72667           0
           0     2.51333           0
           0         1.1           0
           0    0.606667           0
           0    0.353333           0
           0        0.08           0
           0   0.0133333           0
           0           0           0
           0           0           0
           0           0           0
           0           0           0
           0           0           0
           0           0           0
           0           0           0
           0           0           0
           0           0           0
           0           0           0
           0           0           0
           0           0           0
           0           0           0
