   4.3534698999999999e-01   2.3354089000000000e-01
   5.0049750999999998e-01   3.1186834000000002e-01
   4.1788661999999999e-01   2.4305251000000000e-01
   3.5937612000000002e-01   1.3130859000000000e-01
   6.3627100000000003e-01   5.1313449999999997e-02
   6.6338198999999998e-01   5.6693250000000001e-02
   7.1193775999999998e-01   1.6417250000000001e-02
   9.1653808999999997e-01   8.9468729999999996e-02
   8.9822579999999996e-01   1.4693408999999999e-01
   7.2882331000000000e-01   1.9435683000000001e-01
   8.1963814999999995e-01   3.5156594000000002e-01
   8.6139376000000001e-01   6.2171385999999995e-01
   8.4875926999999995e-01   6.2521548000000005e-01
   9.1312130000000002e-01   7.8873269000000001e-01
   9.4973605000000005e-01   9.4907527999999997e-01
   9.1938989000000004e-01   9.1175883000000002e-01
   8.9419517999999998e-01   8.8531462999999999e-01
   5.6788161999999998e-01   7.3899325999999999e-01
   5.5998497999999997e-01   6.8165368000000004e-01
   2.8996148999999999e-01   8.4441056999999997e-01
   2.4782762000000000e-01   9.3557882000000003e-01
   1.1585507000000000e-01   9.2503837000000000e-01
   1.1227719000000000e-01   9.4114463999999998e-01
   2.2345170000000001e-02   9.3518210999999996e-01
   6.3059989999999996e-02   8.1257095999999995e-01
   1.0297402000000000e-01   7.4853029000000004e-01
   4.6105689999999998e-02   4.8461785000000002e-01
   1.5530907999999999e-01   4.9815240000000000e-01
   1.9602096999999999e-01   4.5529479000000000e-01
   3.2147867000000002e-01   6.2595011000000000e-01
   4.0626519000000000e-01   6.2960523000000002e-01
   6.7445926000000000e-01   5.7494878000000005e-01
   6.3935962000000002e-01   4.8773233999999999e-01
   6.4938768999999996e-01   2.1799950000000001e-01
