0
0.000116641
0.00211984
0.00141891
0.00221901
0.00348266
0.0029548
0.00330062
0.00289952
0.00406461
0.00367144
0.00393315
0.00391672
0.00366837
0.00365476
0.00360532
0.00344599
0.0032441
0.00312419
0.0031049
0.00314468
0.00322513
0.00310161
0.00296688
0.0028733
0.00281819
0.00272193
0.00266589
0.0026851
0.00259524
0.00275525
0.00266662
0.00261702
0.00262006
0.00254418
0.00248395
0.00256457
0.00252873
0.0024846
0.00242272
0.00236267
0.00234309
0.00228846
0.0022431
0.00219409
0.0022193
0.00220051
0.00216775
0.00217761
0.00213362
0.00209133
0.00206843
0.00204414
0.00205123
0.00208547
0.00207889
0.00208332
0.00213041
0.00209507
0.0020625
0.00203702
0.00201115
0.00202676
0.0019985
0.00199431
0.00196946
0.00196147
0.00197642
0.0019832
0.00195714
0.00198782
0.00196412
0.00193757
0.00191282
0.00188726
0.00186226
0.00184194
0.00182654
0.00183206
0.00180976
0.00179059
0.00176844
0.00174737
0.00172711
0.00172969
0.0017214
0.0017035
0.00169245
0.00167649
0.00165971
0.00166843
0.00165134
0.00164888
0.00163138
0.00161546
0.00162646
0.00161192
0.00159548
0.00157952
0.001579
