0.521
0.521
0.524
0.524
0.52625
0.5296
0.529
0.526714
0.527
0.530333
0.53
0.527818
0.529417
0.528769
0.530143
0.528933
0.529625
0.529706
0.530333
0.529368
0.52825
0.529476
0.529091
0.52913
0.528708
0.52812
0.528385
0.527889
0.528679
0.528793
0.527633
0.527613
0.527188
0.527848
0.527765
0.527514
0.526639
0.527054
0.527395
0.527487
0.527525
0.527951
0.528024
0.528209
0.528114
0.528689
0.528326
0.528574
0.528083
0.528122
0.52808
0.527804
0.528058
0.527623
0.527074
0.527436
0.527018
0.527614
0.52769
0.527576
0.527767
0.52759
0.528032
0.527905
0.528234
0.528385
0.528091
0.527672
0.527294
0.527188
0.527671
0.527803
0.527847
0.527767
0.52773
0.527693
0.527566
0.52739
0.527064
0.527127
0.527237
0.527235
0.527195
0.527241
0.527524
0.527729
0.527814
0.527644
0.52775
0.527831
0.528133
0.528198
0.528424
0.528387
0.528319
0.528621
0.528708
0.528742
0.528775
0.528555
