              1        5.82075        5.82075              0
              2        7.16819        6.49447       0.673722
              3        6.97721        6.65538       0.420944
              4        7.56763        6.88344       0.374978
              5        7.34715        6.97619       0.304904
              6        7.90588        7.13114       0.293235
              7        7.73235        7.21702        0.26229
              8        7.27465        7.22423       0.227264
              9        6.97162        7.19616       0.202383
             10        7.14232        7.19078       0.181097
             11        7.49002        7.21798       0.166052
             12        7.56536        7.24693       0.154324
             13        7.34034        7.25411       0.142139
             14        7.83487         7.2956       0.137978
             15        7.15854        7.28646       0.128776
             16        7.66618        7.31019       0.122774
             17        7.66776        7.33122       0.117229
             18        7.78317        7.35633        0.11334
             19        8.02707        7.39163       0.112872
             20        8.08576        7.42634       0.112564
             21        7.17815        7.41452        0.10772
             22        7.16549         7.4032       0.103329
             23        7.83144        7.42182       0.100474
             24        7.95922        7.44421      0.0987683
             25        7.95216        7.46453      0.0968895
             26        7.33021        7.45937      0.0932317
             27        7.16302        7.44839      0.0903812
             28        7.69736        7.45728      0.0875462
             29         7.4041        7.45545      0.0844934
             30        7.14754        7.44518      0.0822711
             31        7.20508        7.43744       0.079949
             32        7.54673        7.44085      0.0774855
             33         6.7784        7.42078      0.0777375
             34         7.3632        7.41909      0.0754354
             35        7.75418        7.42866      0.0738715
             36        6.93991        7.41508      0.0730626
             37         7.4029        7.41475      0.0710613
             38        7.42685        7.41507      0.0691667
             39        7.74691        7.42358      0.0679051
             40        7.34403        7.42159      0.0662156
             41        7.45792        7.42248      0.0645864
             42         7.6379        7.42761      0.0632383
             43        7.26441        7.42381      0.0618666
             44        7.79852        7.43233      0.0610412
             45        7.72886        7.43892       0.060032
             46        7.47037         7.4396      0.0587165
             47        6.66863         7.4232      0.0597495
             48        7.45034        7.42376      0.0584942
             49        7.96197        7.43475      0.0583315
             50        7.31883        7.43243      0.0571999
             51        7.42625        7.43231      0.0560673
             52         7.3768        7.43124      0.0549888
             53        8.03121        7.44256      0.0551164
             54        7.71452         7.4476      0.0543201
             55        7.28336        7.44461      0.0534068
             56        7.63434          7.448      0.0525538
             57         7.6573        7.45167       0.051754
             58        7.45299        7.45169      0.0508538
             59        7.46734        7.45196      0.0499852
             60        7.99393        7.46099      0.0499682
             61        8.29479        7.47466      0.0510078
             62        8.08812        7.48455      0.0511446
             63        7.72607        7.48839      0.0504721
             64        7.61493        7.49037      0.0497165
             65        7.84388         7.4958      0.0492469
             66        8.70893        7.51418      0.0518615
             67        7.96018        7.52084      0.0515135
             68        8.10258         7.5294      0.0514663
             69        7.66004        7.53129      0.0507502
             70        7.86494        7.53606      0.0502466
             71        7.93119        7.54162      0.0498455
             72        8.12171        7.54968      0.0498043
             73        7.20869        7.54501      0.0493389
             74        7.29841        7.54167      0.0487815
             75        7.17015        7.53672       0.048381
             76        7.48525        7.53604       0.047745
             77        7.71151        7.53832      0.0471759
             78        7.24988        7.53462      0.0467137
             79        7.71186        7.53687      0.0461732
             80        7.50627        7.53649       0.045594
             81        7.37618        7.53451       0.045071
             82        7.50204        7.53411      0.0445197
             83        7.27879        7.53103      0.0440875
             84         7.3304        7.52865       0.043625
             85        7.36805        7.52676      0.0431501
             86        8.00377         7.5323      0.0430046
             87        7.87014        7.53619      0.0426844
             88        7.51241        7.53592      0.0421974
             89        8.31027        7.54462      0.0426182
             90        7.93576        7.54896      0.0423655
             91        7.63477        7.54991       0.041908
             92        7.00146        7.54394      0.0418764
             93        7.72632        7.54591      0.0414701
             94        7.37894        7.54413       0.041065
             95        6.99559        7.53836      0.0410387
             96        7.25405        7.53539      0.0407168
             97        7.29735        7.53294      0.0403695
             98        7.08473        7.52837      0.0402163
             99        7.40981        7.52717       0.039826
            100        6.81191        7.52002      0.0400693
            101        7.22835        7.51713      0.0397756
            102        7.38112        7.51579      0.0394063
            103        7.64996         7.5171      0.0390435
            104         7.4669        7.51661      0.0386693
            105        7.81633        7.51947      0.0384055
            106        7.75495        7.52169      0.0381063
            107        6.82313        7.51516      0.0383088
            108         7.2689        7.51288      0.0380209
            109        7.39568        7.51181      0.0376858
            110        7.38825        7.51068      0.0373585
            111        7.46526        7.51027      0.0370227
            112        7.50118        7.51019      0.0366908
            113        7.38716         7.5091      0.0363809
            114        7.79867        7.51164      0.0361497
            115         7.5396        7.51189      0.0358348
            116        7.11952         7.5085      0.0356852
            117        7.55282        7.50888      0.0353809
            118        8.03328        7.51333      0.0353602
            119        7.27761        7.51135      0.0351177
            120        7.54595        7.51164       0.034825
            121          7.913        7.51495      0.0346949
            122        7.69838        7.51646      0.0344422
            123        7.95988        7.52006      0.0343507
            124        7.71901        7.52167      0.0341103
            125        8.22812        7.52732      0.0343051
            126         7.8882        7.53018      0.0341521
            127         7.5465        7.53031      0.0338823
            128        7.35879        7.52897      0.0336433
            129        7.64633        7.52988      0.0333938
            130        7.82586        7.53216      0.0332141
            131        7.27141        7.53017      0.0330196
            132        7.60401        7.53072      0.0327733
            133        7.93105        7.53373      0.0326649
            134        7.38516        7.53263      0.0324392
            135        7.38611        7.53154      0.0322163
            136        7.31545        7.52995       0.032018
            137        6.87415        7.52517      0.0321419
            138        6.97319        7.52117      0.0321578
            139        7.79024         7.5231      0.0319843
            140        8.06726        7.52699       0.031992
            141         8.2323        7.53199      0.0321557
            142        7.82565        7.53406      0.0319954
            143         7.5141        7.53392      0.0317712
            144        8.06967        7.53764      0.0317684
            145        7.64442        7.53838      0.0315571
            146        7.30864         7.5368      0.0313797
            147        7.42499        7.53604      0.0311748
            148        7.79447        7.53779      0.0310126
            149        7.11095        7.53492      0.0309367
            150        7.32206         7.5335      0.0307625
            151        7.04694        7.53028      0.0307275
            152        7.22152        7.52825      0.0305922
            153        7.43756        7.52766      0.0303974
            154        7.23644        7.52577      0.0302585
            155        7.33902        7.52456      0.0300868
            156        7.81736        7.52644      0.0299522
            157        7.37661        7.52548      0.0297761
            158        7.32332         7.5242      0.0296147
            159        7.21814        7.52228      0.0294907
            160        7.13676        7.51987      0.0294047
            161        7.19173        7.51783      0.0292925
            162        7.23515        7.51609      0.0291634
            163        7.46161        7.51575      0.0289858
            164        7.85255        7.51781      0.0288816
            165        7.77772        7.51938      0.0287493
            166        7.72821        7.52064      0.0286032
            167        7.45065        7.52022      0.0284345
            168        7.85494        7.52221      0.0283349
            169        7.81489        7.52394      0.0282199
            170        7.61515        7.52448      0.0280586
            171        7.60009        7.52492      0.0278975
            172        7.20889        7.52309      0.0277956
            173        7.34278        7.52204      0.0276541
            174        7.13167         7.5198      0.0275861
            175        7.51975         7.5198       0.027428
            176        8.31328        7.52431      0.0276419
            177        8.38068        7.52915      0.0279079
            178        7.76566        7.53048      0.0277824
            179        8.01009        7.53315      0.0277564
            180         7.4399        7.53264      0.0276066
            181        7.76736        7.53393      0.0274843
            182        7.83585        7.53559      0.0273832
            183        7.50226        7.53541      0.0272337
            184        7.56156        7.53555      0.0270857
            185        8.17106        7.53899       0.027157
            186        7.53853        7.53899      0.0270106
            187        8.38996        7.54354      0.0272485
            188        7.25613        7.54201      0.0271462
            189        7.67906        7.54273       0.027012
            190         6.9777        7.53976      0.0270335
            191        7.25699        7.53828      0.0269323
            192        7.28131        7.53694      0.0268251
            193        7.69368        7.53775      0.0266981
            194        7.30943        7.53657      0.0265862
            195        7.05279        7.53409      0.0265656
            196        7.24577        7.53262      0.0264706
            197        7.75414        7.53375      0.0263599
            198        7.79873        7.53509      0.0262605
            199        8.03401        7.53759      0.0262482
            200        8.15882         7.5407      0.0263007
            201        7.87983        7.54239      0.0262239
            202        8.07883        7.54504      0.0262285
            203        7.40433        7.54435      0.0261082
            204        7.37005        7.54349       0.025994
            205        7.34059         7.5425      0.0258858
            206        6.94823        7.53962      0.0259208
            207        7.58856        7.53986      0.0257964
            208        7.51603        7.53974      0.0256723
            209         7.4197        7.53917      0.0255557
            210        8.17117        7.54218      0.0256111
            211        8.03557        7.54451      0.0255965
            212         7.5309        7.54445      0.0254755
            213         8.0641        7.54689      0.0254728
            214         7.9623        7.54883      0.0254276
            215        7.58024        7.54898      0.0253095
            216        7.82858        7.55027      0.0252253
            217         7.1576        7.54846      0.0251739
            218        7.61577        7.54877      0.0250601
            219        7.59454        7.54898      0.0249463
            220        7.24102        7.54758       0.024872
            221        7.34655        7.54667      0.0247759
            222        7.09166        7.54462      0.0247491
            223        7.34067        7.54371      0.0246548
            224        6.79983        7.54039      0.0247682
            225        6.70586        7.53668      0.0249352
            226        6.95272        7.53409      0.0249588
            227        7.13464        7.53233      0.0249108
            228        7.25855        7.53113      0.0248303
            229        7.84734        7.53251      0.0247602
            230        7.47185        7.53225      0.0246537
            231        7.14398        7.53057      0.0246043
            232        7.52888        7.53056       0.024498
            233        7.45655        7.53024      0.0243947
            234        7.83628        7.53155      0.0243254
            235        7.89584         7.5331      0.0242712
            236        7.97844        7.53499      0.0242417
            237        7.47911        7.53475      0.0241403
            238        7.19733        7.53334      0.0240805
            239        7.45989        7.53303      0.0239815
            240        7.54032        7.53306      0.0238814
            241        7.38103        7.53243      0.0237904
            242        7.59639        7.53269      0.0236934
            243        7.94598        7.53439      0.0236569
            244        7.55927        7.53449        0.02356
            245        7.54849        7.53455      0.0234637
            246        7.49896        7.53441      0.0233686
            247        7.78574        7.53542       0.023296
            248        7.65943        7.53592      0.0232072
            249        7.45982        7.53562      0.0231159
            250         7.7627        7.53653      0.0230411
            251        7.60004        7.53678      0.0229506
            252         7.4456        7.53642      0.0228622
            253        7.75517        7.53728       0.022788
            254        7.25223        7.53616      0.0227259
            255        6.94794        7.53385      0.0227538
            256        7.71989        7.53458      0.0226764
            257        8.01663        7.53646      0.0226657
            258        7.59178        7.53667      0.0225787
            259         7.7433        7.53747      0.0225055
            260        7.68147        7.53802      0.0224256
            261        7.56967        7.53814      0.0223399
            262        7.87792        7.53944      0.0222922
            263        7.25047        7.53834      0.0222344
            264        7.52304        7.53828      0.0221501
            265        7.25187         7.5372      0.0220928
            266        7.83919        7.53834      0.0220389
            267        7.64812        7.53875        0.02196
            268        7.59899        7.53897      0.0218791
            269         7.9266        7.54042      0.0218452
            270        7.78466        7.54132      0.0217829
            271        7.85356        7.54247       0.021733
            272         7.6072        7.54271      0.0216542
            273        7.59964        7.54292      0.0215758
            274         7.4346        7.54252      0.0215005
            275        7.44754        7.54218       0.021425
            276        7.23115        7.54105      0.0213769
            277        7.27753         7.5401      0.0213208
            278        7.33969        7.53938      0.0212562
            279        7.12493        7.53789      0.0212319
            280        7.31077        7.53708      0.0211715
            281        6.86102        7.53468      0.0212328
            282         7.1347        7.53326      0.0212049
            283        7.35738        7.53264      0.0211389
            284        7.68713        7.53318      0.0210714
            285        7.38262        7.53265       0.021004
            286        7.19132        7.53146      0.0209644
            287        7.43842        7.53113      0.0208937
            288        7.73547        7.53184      0.0208332
            289        7.73207        7.53254      0.0207725
            290        6.96628        7.53058      0.0207926
            291        7.39342        7.53011      0.0207264
            292         7.9865        7.53168      0.0207144
            293        7.54881        7.53173      0.0206436
            294        7.70737        7.53233       0.020582
            295        7.81977        7.53331      0.0205352
            296        7.44236          7.533       0.020468
            297        8.00249        7.53458      0.0204601
            298        7.69664        7.53512      0.0203986
            299        7.50089        7.53501      0.0203306
            300        7.34703        7.53438      0.0202724
            301        7.40496        7.53395      0.0202095
            302        7.38032        7.53344      0.0201489
            303        7.22726        7.53243      0.0201077
            304        7.32934        7.53176      0.0200526
            305        7.59997        7.53199       0.019988
            306        7.17583        7.53082      0.0199565
            307         7.7993         7.5317      0.0199106
            308        7.53032        7.53169      0.0198459
            309        7.23905        7.53075      0.0198042
            310        7.60599        7.53099      0.0197417
            311        7.18997        7.52989      0.0197087
            312        7.07146        7.52842      0.0197003
            313         7.5512         7.5285      0.0196374
            314        7.23312        7.52756      0.0195973
            315         7.5495        7.52763      0.0195351
            316         7.7073        7.52819      0.0194815
            317        7.87027        7.52927      0.0194499
            318        8.08159        7.53101      0.0194663
            319        7.22528        7.53005      0.0194288
            320        7.58097        7.53021      0.0193687
            321        7.32521        7.52957      0.0193188
            322        7.75777        7.53028      0.0192717
            323        8.02629        7.53182      0.0192733
            324        7.90942        7.53298       0.019249
            325        7.84134        7.53393      0.0192131
            326           8.34         7.5364       0.019313
            327        7.52843        7.53638      0.0192539
            328        6.90278        7.53445       0.019292
            329        7.69828        7.53495      0.0192398
            330        8.14513        7.53679      0.0192703
            331        7.80206         7.5376      0.0192287
            332        7.43876         7.5373       0.019173
            333         7.6731        7.53771      0.0191197
            334        7.19112        7.53667      0.0190906
            335        7.57188        7.53677      0.0190338
            336        7.01388        7.53522      0.0190408
            337         8.1548        7.53706       0.019073
            338        7.72799        7.53762      0.0190249
            339        7.96432        7.53888      0.0190104
            340        8.24425        7.54095      0.0190676
            341        7.75685        7.54159      0.0190221
            342        7.32254        7.54095      0.0189772
            343        7.72874        7.54149      0.0189297
            344        7.64707         7.5418      0.0188771
            345        7.66176        7.54215      0.0188255
            346        7.56805        7.54222      0.0187712
            347          7.461        7.54199      0.0187185
            348        7.46054        7.54176      0.0186661
            349         6.9648         7.5401      0.0186858
            350        7.24845        7.53927       0.018651
            351        7.95952        7.54047      0.0186363
            352        7.93233        7.54158      0.0186166
            353        8.26649        7.54363       0.018677
            354        8.10329        7.54521      0.0186911
            355        7.73185        7.54574      0.0186458
            356        7.96679        7.54692      0.0186309
            357        7.22496        7.54602      0.0186006
            358        7.23318        7.54515      0.0185691
            359        7.36077        7.54463      0.0185244
            360        7.73521        7.54516      0.0184805
            361        7.63865        7.54542       0.018431
            362        7.33243        7.54483      0.0183895
            363        7.43486        7.54453      0.0183412
            364        7.30697        7.54388      0.0183024
            365        7.31862        7.54326      0.0182626
            366        7.41638        7.54291       0.018216
            367        7.84255        7.54373      0.0181846
            368        7.62712        7.54396      0.0181365
            369        7.48736         7.5438       0.018088
            370        7.49882        7.54368      0.0180394
            371        7.80062        7.54437      0.0180041
            372        7.74737        7.54492      0.0179639
            373        8.04156        7.54625      0.0179651
            374        7.83843        7.54703       0.017934
            375        7.96811        7.54816      0.0179213
            376        7.74951        7.54869      0.0178816
            377        7.73344        7.54918      0.0178409
            378        7.30699        7.54854      0.0178051
            379        7.78429        7.54916       0.017769
            380        7.50772        7.54905      0.0177225
            381        6.78033        7.54704      0.0177907
            382        7.27532        7.54632      0.0177583
            383        7.64208        7.54657      0.0177137
            384        7.89833        7.54749      0.0176912
            385        8.34131        7.54955      0.0177652
            386        8.05887        7.55087      0.0177682
            387        7.17691        7.54991      0.0177486
            388        7.46266        7.54968      0.0177042
            389        7.28772        7.54901      0.0176715
            390         7.9806        7.55011      0.0176608
            391        7.92852        7.55108      0.0176421
            392        7.66248        7.55137      0.0175994
            393        7.30878        7.55075      0.0175654
            394        7.46105        7.55052      0.0175222
            395        7.87579        7.55134      0.0174972
            396        7.76927         7.5519      0.0174616
            397         7.4928        7.55175      0.0174182
            398        7.46911        7.55154      0.0173756
            399        8.05998        7.55281      0.0173788
            400        7.21069        7.55196      0.0173564
            401        7.60613        7.55209      0.0173136
            402         7.5454        7.55208      0.0172705
            403        7.28046         7.5514      0.0172407
            404        7.63352        7.55161      0.0171992
            405        7.25733        7.55088      0.0171721
            406        7.64137         7.5511      0.0171312
            407        7.16327        7.55015      0.0171156
            408        7.86089        7.55091      0.0170906
            409         7.9074        7.55178       0.017071
            410        7.47464        7.55159      0.0170303
            411        7.61659        7.55175      0.0169896
            412         7.3299        7.55121      0.0169569
            413        8.00835        7.55232      0.0169519
            414        7.94787        7.55328      0.0169379
            415        7.57288        7.55332      0.0168971
            416        7.16092        7.55238      0.0168828
            417        7.37775        7.55196      0.0168475
            418        7.42564        7.55166      0.0168098
            419         7.5639        7.55169      0.0167697
            420        7.78995        7.55226      0.0167393
            421        7.66416        7.55252      0.0167016
            422        7.60665        7.55265      0.0166625
            423        7.63106        7.55283      0.0166241
            424        7.71609        7.55322      0.0165893
            425        7.69986        7.55356      0.0165538
            426         7.6847        7.55387      0.0165178
            427        7.34819        7.55339      0.0164861
            428         7.7059        7.55375      0.0164514
            429        7.66213          7.554       0.016415
            430        7.29543         7.5534      0.0163878
            431        7.28279        7.55277      0.0163618
            432        7.46229        7.55256      0.0163252
            433        7.65362        7.55279      0.0162891
            434        7.69562        7.55312      0.0162549
            435         8.2158        7.55465      0.0162889
            436        8.40124        7.55659       0.016367
            437        7.73069        7.55699      0.0163344
            438        7.53159        7.55693      0.0162972
            439         7.5981        7.55702      0.0162603
            440        8.53195        7.55924      0.0163739
            441        8.06553        7.56039       0.016377
            442        7.57015        7.56041      0.0163399
            443        8.33388        7.56215      0.0163962
            444        8.39313        7.56403       0.016466
            445        8.35909        7.56581      0.0165258
            446        7.95569        7.56669      0.0165118
            447        7.37276        7.56625      0.0164806
            448        7.72401        7.56661      0.0164475
            449        7.36678        7.56616      0.0164169
            450        7.64504        7.56634      0.0163813
            451        7.77663         7.5668      0.0163516
            452        7.50658        7.56667      0.0163159
            453        7.41013        7.56632      0.0162835
            454        7.52607        7.56623      0.0162479
            455        7.47165        7.56603      0.0162134
            456         7.6351        7.56618      0.0161786
            457        7.01008        7.56496      0.0161889
            458        7.58173          7.565      0.0161536
            459        6.85727        7.56346      0.0161919
            460        7.32572        7.56294      0.0161649
            461        7.50479        7.56281      0.0161303
            462        7.30834        7.56226      0.0161048
            463        7.82466        7.56283        0.01608
            464        7.31192        7.56229      0.0160544
            465        7.67383        7.56253      0.0160216
            466        7.94387        7.56335      0.0160081
            467        6.92427        7.56198      0.0160323
            468        7.23299        7.56128      0.0160135
            469        7.81005        7.56181      0.0159881
            470        7.50778        7.56169      0.0159545
            471        6.95349         7.5604      0.0159728
            472        6.61108        7.55839      0.0160653
            473         7.7949        7.55889      0.0160391
            474        7.93941        7.55969      0.0160254
            475        7.72022        7.56003      0.0159952
            476        7.19112        7.55925      0.0159803
            477        7.63256        7.55941      0.0159476
            478        7.82669        7.55997       0.015924
            479        7.52835         7.5599      0.0158908
            480        8.17798        7.56119      0.0159099
            481        8.51906        7.56318      0.0160012
            482        7.82697        7.56373      0.0159773
            483        8.18817        7.56502      0.0159965
            484        8.07019        7.56606      0.0159975
            485        7.70866        7.56636      0.0159672
            486        7.63387         7.5665      0.0159349
            487        7.81399          7.567      0.0159103
            488        7.76926        7.56742      0.0158831
            489        7.53675        7.56736      0.0158507
            490        7.19364        7.56659      0.0158367
            491        7.30798        7.56607      0.0158132
            492          7.629        7.56619      0.0157815
            493        7.53263        7.56613      0.0157496
            494        8.00068        7.56701      0.0157423
            495        7.75203        7.56738      0.0157149
            496        7.81797        7.56789      0.0156913
            497        7.47336         7.5677      0.0156609
            498         7.8758        7.56831      0.0156416
            499         8.0643        7.56931      0.0156419
            500        8.37655        7.57092      0.0156938
