  -6.7206823662836235e-01  -7.4048922025593567e-01
  -2.7229211585838248e-01  -9.6221463491331560e-01
   7.0325888137621584e-01   7.1093385470483372e-01
  -6.8988917256975568e-01  -7.2391500162036837e-01
   9.8651644876168232e-01   1.6366214077372646e-01
  -5.6274184474131894e-01  -8.2663269725866595e-01
  -9.3061171707723889e-01   3.6600796717906708e-01
  -9.9858848509515308e-01  -5.3113439310284734e-02
   5.6277357712023401e-01   8.2661109410368794e-01
   7.2695198729822552e-01   6.8668829039321799e-01
  -1.7672964910478997e-01  -9.8425943283633188e-01
   1.3501591278669458e-02   9.9990884936225255e-01
  -6.4727973269531935e-01   7.6225254846532053e-01
  -2.0867093616369837e-02   9.9978225849632163e-01
   9.8943014692339615e-01   1.4501029052845441e-01
   6.7921538373106483e-01  -7.3393900462031747e-01
  -9.9984694696838472e-01  -1.7495217575100693e-02
  -9.6626174111921270e-01  -2.5756212386387023e-01
   9.9698636095819859e-01   7.7577033091814906e-02
  -6.9020021119646080e-01  -7.2361845503301048e-01
