 6
 6
 6
 6
 6
 6
 6
 6
 6
 6
 6
 6
 6
 6
 6
 6
 6
 6
 6
 6
 6
 6
 6
 6
 6
 6
 6
 6
 6
 6
 6
 7
 8
 8
 8
 8
 8
 8
 9
 9
 9
 9
 9
 10
 10
 11
 11
 11
 11
 11
 11
 12
 12
 13
 13
 13
 14
 14
 14
 16
 16
 17
 17
 17
 17
 17
 17
 17
 17
 18
 18
 18
 19
 19
 19
 20
 21
 21
 23
 23
 25
 25
 26
 26
 27
 28
 28
 28
 28
 29
 29
 30
 30
 30
 30
 31
 32
 32
 33
 35
 37
 39
 43
 43
 44
 45
 45
 45
 46
 46
 46
 48
 49
 50
 51
 51
 51
 51
 51
 51
 52
 52
 53
 53
 53
 54
 54
 55
 55
 55
 55
 56
 56
 56
 56
 57
 57
 58
 59
 59
 60
 60
 60
 60
 61
 61
 61
 61
 61
 61
 61
 61
 61
 61
 61
 61
 61
 61
 61
 61
 61
 61
 61
 61
 61
 61
 61
 61
 61
 61
 61
 61
 61
 61
 61
 61
 61
 61
 61
 61
 61
 61
 61
 61
 61
 61
 61
 61
 61
 61
 61
 61
 61
 61
 61
 61
 61
 61
 61
 61
 61
 61
 61
 61
 61
 61
 61
 61
 61
 61
 61
 61
 61
 61
 61
 61
 61
 61
 61
 61
 61
 61
 61
 61
 61
 61
 61
 61
 61
 61
 61
 61
 61
 61
 61
 61
 61
 61
 61
 61
 61
 61
 61
 61
 61
 61
 61
 61
 61
 61
 61
 61
 61
 61
 61
 61
 61
 61
 61
 61
 61
 61
 61
 61
 61
 61
 61
 61
 61
 61
 61
 61
 62
 62
 62
 62
 62
 62
 62
 62
 62
 62
 62
 62
 62
 62
 62
 62
 62
 62
 62
 62
 62
 62
 62
 62
 62
 62
 63
 63
