 0 19 12 18 14 24 17 29 3 11 8 33 26 31 6 5 32 30 7 25 15 9 10 21 28 16 1 2 20 4 27 22 23 13
 0 19 12 18 14 24 17 29 3 11 8 33 26 31 6 5 32 30 7 25 15 9 10 21 28 16 1 2 20 4 27 22 23 13
 0 19 12 18 14 24 17 29 3 11 8 33 26 31 6 5 32 30 7 25 15 9 10 21 28 16 1 2 20 4 27 22 23 13
 0 19 12 18 14 24 17 29 3 11 8 33 26 31 6 5 32 30 7 25 15 9 10 21 28 16 1 2 20 4 27 22 23 13
 0 19 12 18 14 24 17 29 3 11 8 33 26 31 6 5 32 30 7 25 15 9 10 21 28 16 1 2 20 4 27 22 23 13
 0 19 12 18 14 24 17 29 3 11 8 33 26 31 6 5 32 30 7 25 15 9 10 21 28 16 1 2 20 4 27 22 23 13
 0 19 12 18 14 24 17 29 3 11 8 33 26 31 6 5 32 30 7 25 15 9 10 21 28 16 1 2 20 4 27 22 23 13
 0 19 12 18 14 24 17 29 3 11 8 33 26 31 6 5 32 30 7 25 15 9 10 21 28 16 1 2 20 4 27 22 23 13
 0 19 12 18 14 24 17 29 3 11 8 33 26 31 6 5 32 30 7 25 15 9 10 21 28 16 1 2 20 4 27 22 23 13
 0 19 12 18 14 24 17 29 3 11 8 33 26 31 6 5 32 30 7 25 15 9 10 21 28 16 1 2 20 4 27 22 23 13
 0 19 12 18 14 24 17 29 3 11 8 33 26 31 6 5 32 30 7 25 15 9 10 21 28 16 1 2 20 4 27 22 23 13
 0 19 12 18 14 24 17 29 3 11 8 33 26 31 6 5 32 30 7 25 15 9 10 21 28 16 1 2 20 4 27 22 23 13
 0 19 12 18 14 24 17 29 3 11 8 33 26 31 6 5 32 30 7 25 15 9 10 21 28 16 1 2 20 4 27 22 23 13
 0 19 12 18 14 24 17 29 3 11 8 33 26 31 6 5 32 30 7 25 15 9 10 21 28 16 1 2 20 4 27 22 23 13
 0 19 12 18 14 24 17 29 3 11 8 33 26 31 6 5 32 30 7 25 15 9 10 21 28 16 1 2 20 4 27 22 23 13
 0 19 12 18 14 24 17 29 3 11 8 33 26 31 6 5 32 30 7 25 15 9 10 21 28 16 1 2 20 4 27 22 23 13
 0 19 12 18 14 24 17 29 3 11 8 33 26 31 6 5 32 30 7 25 15 9 10 21 28 16 1 2 20 4 27 22 23 13
 0 19 12 18 14 24 17 29 3 11 8 33 26 31 6 5 32 30 7 25 15 9 10 21 28 16 1 2 20 4 27 22 23 13
 0 19 12 18 14 24 17 29 3 11 8 33 26 31 6 5 32 30 7 25 15 9 10 21 28 16 1 2 20 4 27 22 23 13
 0 19 12 18 14 24 17 29 3 11 8 33 26 31 6 5 32 30 7 25 15 9 10 21 28 16 1 2 20 4 27 22 23 13
 0 19 12 18 14 24 17 29 3 11 8 33 26 31 6 5 32 30 7 25 15 9 10 21 28 16 1 2 20 4 27 22 23 13
 0 19 12 18 14 24 17 29 3 11 8 33 26 31 6 5 32 30 7 25 15 9 10 21 28 16 1 2 20 4 27 22 23 13
 0 19 12 18 14 24 17 29 3 11 8 33 26 31 6 5 32 30 7 25 15 9 10 21 28 16 1 2 20 4 27 22 23 13
 0 19 12 18 14 24 17 29 3 11 8 33 26 31 6 5 32 30 7 25 15 9 10 21 28 16 1 2 20 4 27 22 23 13
 0 19 12 18 14 24 17 29 3 11 8 33 26 31 6 5 32 30 7 25 15 9 10 21 28 16 1 2 20 4 27 22 23 13
 0 19 12 18 14 24 17 29 3 11 8 33 26 31 6 5 32 30 7 25 15 9 10 21 28 16 1 2 20 4 27 22 23 13
 0 19 12 18 14 24 17 29 3 11 8 33 26 31 6 5 32 30 7 25 9 15 10 21 28 16 1 2 20 4 27 22 23 13
 0 19 12 18 14 24 17 3 29 11 8 33 26 31 6 5 32 30 7 25 15 9 10 21 28 16 1 2 20 4 27 22 23 13
 0 19 12 18 14 24 17 29 3 11 8 33 26 31 6 5 32 30 7 25 15 9 10 21 28 16 20 2 1 4 27 22 23 13
 0 19 12 18 29 24 17 14 3 11 8 33 26 31 6 5 32 30 7 25 15 9 10 21 28 16 1 2 20 4 27 22 23 13
 0 19 12 18 14 24 17 29 3 11 8 33 26 31 6 5 32 30 7 25 15 9 10 21 2 20 1 28 16 4 27 22 23 13
 0 19 12 18 14 24 17 29 3 11 8 33 26 31 6 5 32 30 7 25 15 28 10 21 9 16 1 2 20 4 27 22 23 13
 0 19 12 18 14 24 17 29 3 11 8 33 26 31 15 6 5 32 30 7 25 9 10 21 28 16 1 2 20 4 27 22 23 13
 0 19 12 18 14 24 17 29 3 11 8 33 26 31 6 5 32 30 7 25 15 9 10 21 22 28 16 1 2 20 4 27 23 13
 0 19 12 18 14 22 27 4 20 2 1 16 28 21 10 9 15 25 7 30 32 5 6 31 26 33 8 11 3 29 17 24 23 13
 0 19 12 18 14 24 17 29 3 11 8 33 26 31 6 5 32 30 7 25 15 9 27 4 20 2 1 16 28 21 10 22 23 13
 0 19 12 18 14 24 17 29 3 11 8 33 26 31 6 5 32 30 7 25 15 9 28 21 10 27 22 2 20 4 16 1 23 13
 0 19 12 18 14 24 17 29 3 11 8 33 26 31 6 5 32 30 7 25 15 9 10 21 27 16 1 2 20 4 28 22 23 13
 0 19 12 18 14 24 17 29 3 22 11 8 33 26 31 6 5 32 30 7 25 15 9 10 21 28 16 1 2 20 4 27 23 13
 0 19 12 18 14 6 31 26 33 8 11 3 29 17 24 5 32 30 7 25 15 9 10 21 28 16 1 2 20 4 27 22 23 13
 0 19 12 18 14 24 17 29 3 11 8 33 26 31 6 15 32 30 7 25 5 9 10 21 28 16 1 2 20 4 27 22 23 13
 0 19 12 18 23 24 17 29 3 11 8 33 26 31 6 5 32 30 7 25 15 9 10 21 28 16 1 2 20 4 27 22 14 13
 0 7 30 32 5 6 31 26 33 8 11 3 29 17 24 14 18 12 19 25 15 9 10 21 28 16 1 2 20 4 27 22 23 13
 0 19 12 18 14 6 5 32 30 7 24 17 29 3 11 8 33 26 31 25 15 9 10 21 28 16 1 2 20 4 27 22 23 13
 0 19 12 18 14 24 17 29 3 11 8 33 26 31 10 5 32 30 7 6 9 15 25 21 28 16 1 2 20 4 27 22 23 13
 0 19 12 18 14 24 32 30 7 25 15 9 10 21 28 16 17 29 3 11 8 33 26 31 6 5 1 2 20 4 27 22 23 13
 0 19 12 18 14 24 17 29 3 11 8 33 26 10 21 28 16 1 2 20 4 27 31 6 5 32 30 7 25 15 9 22 23 13
 0 19 12 18 14 24 17 29 3 11 8 33 26 13 6 5 32 30 7 25 15 9 10 21 28 16 1 2 20 4 27 22 23 31
 0 19 12 18 14 24 17 29 3 11 8 33 26 13 6 5 32 30 7 25 15 9 10 21 28 16 1 2 20 4 27 22 23 31
 0 19 12 18 14 24 17 29 3 11 8 33 26 31 6 16 32 30 7 25 15 9 10 21 28 5 1 2 20 4 27 22 23 13
 0 19 12 18 14 24 17 29 3 11 8 33 26 31 6 5 32 30 7 25 16 28 21 23 10 9 15 1 20 27 4 2 22 13
 0 19 12 18 14 24 17 29 3 11 8 33 26 31 13 5 32 30 7 25 15 9 10 21 28 16 1 2 20 4 27 22 23 6
 0 19 12 18 14 24 17 29 3 32 8 33 26 31 6 5 11 30 7 25 15 9 10 21 28 16 1 2 20 4 27 22 23 13
 0 19 12 18 14 24 17 29 3 11 8 16 1 2 20 4 27 22 7 25 15 9 10 21 28 33 26 31 6 5 32 30 23 13
 0 19 12 18 14 24 17 29 3 11 8 33 26 31 6 5 32 30 7 25 15 22 10 21 28 16 1 2 20 23 9 27 4 13
 0 19 12 18 14 24 17 29 3 11 21 33 26 31 6 5 32 30 7 25 15 9 10 8 28 16 1 2 20 4 27 22 23 13
 0 33 26 31 6 24 17 29 3 11 8 9 10 21 28 16 1 2 20 4 27 19 12 18 14 5 32 30 7 25 15 22 23 13
 0 19 12 18 14 24 17 29 3 11 8 33 26 13 6 5 32 30 7 25 15 16 1 2 20 22 27 4 9 10 21 28 23 31
 0 19 12 18 14 24 31 6 5 32 30 7 25 15 9 28 10 21 17 29 3 11 20 2 1 16 26 33 8 4 27 22 23 13
 0 19 12 18 14 24 17 29 3 11 2 33 31 26 5 6 32 30 7 25 15 9 10 27 21 28 16 1 8 20 4 23 22 13
 0 19 12 18 14 24 17 29 3 11 8 33 9 10 21 28 16 1 2 25 15 26 13 6 5 32 30 7 20 4 27 22 23 31
 0 19 12 18 14 24 17 29 3 11 8 21 10 9 6 32 30 7 2 5 15 31 26 33 28 16 1 25 20 4 27 22 23 13
 0 19 12 18 14 24 17 29 3 11 8 33 26 13 6 5 32 27 7 25 15 9 10 21 28 16 1 2 20 4 30 22 23 31
 0 19 12 18 14 24 8 11 3 4 17 5 32 30 7 25 9 10 21 15 33 26 31 6 28 16 1 2 20 29 27 22 23 13
 0 19 12 18 14 24 17 4 3 11 26 31 6 8 33 5 32 30 7 25 15 9 2 20 29 27 22 10 21 28 16 1 23 13
 0 19 12 18 14 24 17 29 3 11 8 33 26 15 9 10 32 5 6 31 25 7 28 21 30 13 27 2 20 4 1 22 23 16
 0 19 12 18 14 15 17 29 3 11 8 33 26 31 6 5 28 30 7 25 24 9 32 10 21 16 1 2 20 4 27 22 23 13
 0 19 12 18 14 27 17 15 9 10 21 28 26 31 6 5 32 30 7 25 29 3 11 8 33 16 1 2 20 4 22 23 24 13
 0 19 12 10 9 15 25 7 30 8 11 3 29 17 24 32 5 6 31 26 33 14 18 21 28 16 1 2 13 4 27 22 23 20
 0 19 12 18 14 24 17 29 3 11 8 33 26 13 27 1 32 6 7 25 15 9 10 21 28 16 5 2 20 4 30 22 23 31
 0 19 12 18 14 24 17 29 3 11 8 33 26 13 6 1 32 30 7 25 16 9 10 21 28 15 5 2 20 4 27 22 23 31
 0 19 12 10 14 24 17 29 3 11 8 33 26 31 6 5 9 30 23 22 27 4 20 2 1 16 28 21 18 32 15 25 7 13
 0 25 12 18 14 24 17 29 3 11 8 33 26 31 32 5 9 30 27 19 6 15 21 16 28 10 1 2 20 4 7 22 23 13
 0 19 12 18 14 24 17 29 3 11 8 33 26 31 6 5 21 30 7 16 25 13 32 4 20 2 1 15 28 10 27 22 23 9
 0 19 21 25 15 9 28 26 31 16 1 2 20 4 27 5 32 30 12 18 14 24 17 29 3 11 8 33 10 7 6 22 23 13
 0 19 12 10 23 22 28 2 1 4 20 6 26 31 16 5 32 30 7 25 15 9 18 14 24 17 29 3 11 8 33 27 21 13
 0 19 12 10 14 15 17 29 3 11 8 33 26 31 6 5 32 30 7 25 24 9 18 21 28 16 1 2 20 4 27 22 23 13
 0 19 12 10 14 15 17 29 3 11 8 33 26 31 5 6 32 30 7 25 24 9 18 21 28 16 1 2 20 4 27 22 23 13
 0 19 12 10 14 24 17 3 11 25 33 26 31 6 5 32 30 7 8 15 9 29 21 28 16 18 1 2 20 4 27 22 23 13
 0 19 12 18 14 1 2 20 4 27 6 25 30 8 33 26 9 10 21 28 16 24 17 29 3 15 31 7 5 32 11 22 23 13
 0 19 12 18 14 24 17 29 3 11 8 33 26 13 6 5 32 2 20 4 15 9 10 31 28 16 1 30 22 25 27 7 23 21
 0 19 12 10 14 15 17 22 3 11 8 33 26 31 6 5 32 30 7 25 24 9 29 27 4 20 2 1 16 28 21 18 23 13
 0 19 12 10 14 15 17 22 3 11 8 33 26 31 6 5 32 30 7 25 24 9 18 21 28 16 1 2 20 4 27 29 23 13
 0 19 12 10 14 24 17 29 3 11 8 33 26 21 6 28 32 30 7 13 15 9 18 31 5 20 1 2 16 4 27 22 23 25
 0 19 12 7 14 24 17 29 3 27 8 33 21 28 2 5 32 30 16 25 15 18 9 10 26 31 6 1 4 20 11 22 23 13
 0 19 12 10 14 24 17 29 3 28 8 33 26 13 6 5 32 30 7 25 16 9 18 21 11 15 20 2 1 4 27 22 23 31
 0 19 12 18 14 10 17 29 3 11 8 33 26 13 5 25 7 30 32 15 16 31 22 21 20 1 28 2 6 4 27 24 23 9
 0 19 12 29 14 24 17 10 3 28 8 33 26 13 6 5 32 30 7 25 16 9 18 21 11 15 20 2 1 4 27 22 23 31
 0 19 12 10 14 24 17 29 3 11 8 33 26 31 1 5 28 30 7 25 4 9 18 21 20 15 27 2 32 16 6 22 23 13
 0 19 12 10 9 24 17 7 30 32 6 8 13 26 33 5 11 3 29 18 15 14 25 21 28 16 1 2 31 4 27 22 23 20
 0 19 12 10 14 6 31 26 33 8 28 3 29 17 24 1 32 30 7 25 16 9 18 21 11 15 5 2 20 4 27 22 23 13
 0 19 12 18 14 15 25 30 5 11 29 17 7 20 2 21 10 28 1 16 13 31 22 33 8 3 32 24 23 4 27 26 9 6
 0 19 12 18 14 24 17 29 3 28 8 33 26 13 6 1 32 4 7 25 16 9 21 10 11 15 5 2 20 30 22 27 23 31
 0 19 12 10 14 15 17 22 4 11 8 33 26 31 6 5 32 30 7 25 24 9 28 21 18 16 1 2 20 3 27 29 23 13
 0 19 12 18 23 14 5 17 29 3 11 25 24 10 31 9 33 8 21 7 32 15 6 26 2 1 16 28 30 20 4 27 22 13
 0 19 12 18 14 15 26 29 3 11 8 21 10 13 27 22 28 6 5 32 30 7 20 24 25 16 2 1 31 4 17 33 23 9
 0 19 12 10 14 24 17 29 3 28 8 33 26 13 6 1 32 30 7 25 16 9 18 21 11 15 5 2 20 4 27 22 23 31
 0 19 12 10 14 24 17 29 3 28 8 33 26 13 6 1 32 30 7 25 16 9 18 21 11 15 5 2 20 4 27 22 23 31
 0 19 8 10 14 24 17 3 29 1 18 33 31 16 32 28 6 5 30 25 15 4 7 12 27 9 2 20 22 26 21 11 23 13
 0 19 12 18 14 24 17 30 3 25 15 9 26 21 5 16 11 23 20 4 8 33 13 31 6 28 32 29 7 1 27 22 2 10
 0 19 12 10 14 15 17 29 3 11 8 1 26 9 33 20 4 27 7 25 24 6 18 21 28 16 31 2 5 30 32 22 23 13
 0 19 12 10 14 15 17 29 31 28 8 33 26 13 6 1 32 30 7 25 24 9 18 21 11 16 5 2 20 4 27 22 23 3
 0 19 12 10 14 17 29 3 28 8 33 26 21 13 1 31 30 7 16 24 9 18 4 11 2 20 27 6 5 15 22 25 23 32
 0 19 8 10 14 27 17 23 3 28 12 20 26 13 5 1 11 32 7 6 22 33 18 4 15 2 25 16 9 21 30 24 29 31
 0 25 8 10 14 15 17 29 3 11 12 5 1 28 33 7 9 16 26 19 24 32 18 6 2 27 4 20 31 13 30 23 22 21
 0 19 12 10 14 15 17 22 3 28 8 33 26 21 13 1 31 27 7 16 24 9 18 11 4 2 5 30 20 32 6 25 23 29
 0 25 8 18 14 7 17 29 3 28 12 30 4 33 23 5 15 11 10 21 9 16 19 24 27 32 1 6 13 26 20 2 22 31
 0 25 12 18 11 24 17 14 3 1 5 10 27 32 8 4 16 20 7 22 6 13 26 2 21 31 19 28 30 23 33 15 29 9
 0 25 8 10 14 2 17 29 3 11 12 5 30 28 27 7 19 16 31 21 18 32 24 6 9 33 4 20 26 13 1 15 22 23
 0 25 8 10 14 15 17 29 3 11 12 20 26 13 6 1 28 30 7 18 21 9 16 19 32 24 23 27 2 5 4 33 22 31
 0 25 8 10 24 14 15 26 23 3 11 12 20 17 13 6 1 27 28 7 19 16 9 21 4 30 2 5 22 33 18 32 29 31
 0 25 8 10 14 24 17 23 3 28 12 20 26 13 6 1 32 15 5 22 33 4 21 18 11 27 7 19 16 9 30 2 29 31
 0 25 8 10 14 15 17 23 3 28 12 20 26 21 1 16 11 27 7 19 24 31 13 9 32 5 6 22 33 4 30 2 29 18
 0 25 8 10 14 24 17 23 3 28 12 20 26 31 5 33 4 27 7 19 16 13 21 18 32 15 6 11 1 22 30 2 29 9
 0 25 8 10 14 24 17 23 3 28 12 20 26 13 6 1 32 27 7 19 16 9 21 18 11 15 5 22 33 4 30 2 29 31
 0 25 8 10 14 24 17 23 3 28 12 20 26 13 6 1 32 27 7 19 16 9 21 18 11 15 5 22 33 4 30 2 29 31
 0 25 8 10 14 24 17 23 3 28 12 20 26 13 6 1 32 27 7 19 16 9 21 18 11 15 5 22 33 4 30 2 29 31
 0 25 8 10 14 24 17 23 3 28 12 20 26 13 6 1 11 27 7 19 16 9 21 18 32 15 5 22 33 4 30 2 29 31
 0 25 8 18 14 24 17 2 3 28 12 20 26 13 5 1 32 27 7 19 16 33 22 21 15 11 10 29 9 4 30 23 6 31
 0 25 8 18 11 24 17 16 29 1 5 10 27 32 3 4 19 20 7 22 6 13 26 2 21 31 14 28 30 23 33 15 12 9
 0 25 8 10 14 15 17 23 3 11 12 20 26 13 5 22 33 27 7 19 16 9 21 18 32 24 1 6 28 4 30 2 29 31
 0 25 8 10 14 15 17 29 3 11 12 20 26 13 5 1 28 23 7 19 16 31 21 18 32 24 6 22 33 4 30 2 27 9
 0 25 8 10 14 15 17 23 3 28 12 20 26 13 5 1 11 32 7 19 16 21 31 29 27 24 18 22 33 4 30 2 6 9
 0 25 8 10 14 15 17 23 3 28 12 20 26 13 5 18 11 27 7 19 16 9 21 1 32 24 6 4 33 22 30 2 29 31
 0 25 8 10 14 15 12 19 21 31 26 18 17 23 3 28 11 27 7 24 6 20 32 1 5 13 16 22 33 4 30 2 29 9
 0 25 8 10 14 24 17 23 3 28 12 20 26 13 6 1 32 27 7 22 16 31 21 18 11 15 5 19 33 4 30 2 29 9
 0 25 8 10 30 15 17 23 3 11 12 20 26 13 5 1 28 27 7 19 16 31 21 18 32 24 6 22 33 4 14 2 29 9
 0 25 8 10 14 15 17 23 3 28 12 20 26 31 6 1 32 27 7 19 16 13 21 18 11 24 5 22 33 4 30 2 29 9
 0 25 8 10 14 15 17 23 3 28 12 20 26 16 5 1 11 2 7 13 21 18 32 31 6 22 19 9 30 33 24 27 29 4
 0 25 8 10 13 6 1 29 27 7 19 16 9 31 18 32 24 5 22 14 15 26 23 3 28 12 20 2 33 4 30 17 11 21
 0 25 8 10 14 15 17 23 3 28 12 20 26 31 6 1 32 27 7 19 16 13 21 18 11 24 5 22 30 2 33 4 29 9
 0 25 8 10 14 16 17 23 3 32 12 20 6 13 5 1 11 27 7 19 31 9 21 18 30 24 26 22 33 4 28 2 29 15
 0 25 8 10 14 15 17 23 3 28 12 20 26 13 5 1 11 27 7 19 18 32 21 16 31 24 6 22 33 4 30 2 29 9
 0 25 8 10 14 15 17 23 3 28 12 20 26 13 5 1 11 27 7 19 16 9 21 18 32 24 6 22 33 4 30 2 29 31
 0 25 8 10 11 15 17 23 3 28 12 20 26 13 5 1 14 27 32 19 16 9 21 18 7 24 6 22 33 4 30 2 29 31
 0 25 8 10 14 15 17 23 3 28 12 20 26 13 5 1 11 27 7 19 16 31 33 4 30 2 6 22 21 18 32 24 29 9
 0 25 8 10 14 15 17 4 3 1 12 20 26 24 5 9 28 13 7 19 21 31 16 18 32 27 6 22 33 23 30 2 11 29
 0 25 8 10 14 15 17 2 3 28 12 20 26 33 5 1 11 27 7 19 16 31 21 18 32 24 6 22 13 4 30 23 29 9
 0 25 8 10 14 15 17 23 3 28 12 20 26 13 5 31 21 18 32 24 30 2 6 22 33 4 11 27 7 19 16 9 29 1
 0 25 8 10 14 15 31 21 18 30 24 6 26 13 5 1 32 27 7 19 16 17 23 3 28 12 20 22 33 4 11 2 29 9
 0 25 8 10 23 3 28 12 20 26 13 5 1 11 27 7 19 16 31 21 18 32 24 6 22 33 14 15 17 4 30 2 29 9
 0 25 8 10 14 15 17 23 3 28 12 9 26 13 5 1 11 27 7 19 16 31 21 18 32 24 6 22 4 33 2 30 29 20
 0 25 8 10 14 15 17 23 3 28 12 20 31 16 19 7 27 11 1 5 13 26 21 18 32 24 6 29 2 30 4 33 22 9
 0 25 8 10 14 15 17 23 3 28 12 20 26 13 5 1 27 11 7 19 16 31 21 18 30 24 6 22 33 4 32 2 29 9
 0 25 8 10 14 15 17 23 4 30 3 28 12 20 26 13 5 1 11 27 7 19 16 31 21 18 32 24 6 22 33 2 29 9
 0 25 8 10 14 15 17 23 3 28 12 20 26 13 5 1 11 27 7 19 16 31 21 18 32 24 6 22 33 4 30 2 29 9
 0 25 8 10 14 15 17 23 3 28 12 20 26 13 5 1 11 27 7 19 16 31 21 18 32 24 6 22 33 4 30 2 29 9
 0 25 8 10 14 15 17 23 3 28 12 20 26 13 5 1 11 27 7 19 16 31 21 18 32 24 6 22 33 4 30 2 29 9
 0 25 8 10 14 15 17 23 3 28 12 20 26 13 5 1 11 27 7 19 16 31 21 18 32 24 6 22 33 4 30 2 29 9
 0 25 8 10 14 15 17 23 3 28 12 20 26 13 5 1 11 27 7 19 16 31 21 18 32 24 6 22 33 4 30 2 29 9
 0 25 8 10 14 15 17 23 3 28 12 20 26 13 5 1 11 27 7 19 16 31 21 18 32 24 6 22 33 4 30 2 29 9
 0 25 8 10 14 15 17 23 3 28 12 20 26 13 5 1 11 27 7 19 16 31 21 18 32 24 6 22 33 4 30 2 29 9
 0 25 8 10 14 15 17 23 3 28 12 20 26 13 5 1 11 27 7 19 16 31 21 18 32 24 6 22 33 4 30 2 29 9
 0 25 8 10 14 15 17 23 3 28 12 20 26 13 5 1 11 27 7 19 16 31 21 18 32 24 6 22 33 4 30 2 29 9
 0 25 8 10 14 15 17 23 3 28 12 20 26 13 5 1 11 27 7 19 16 31 21 18 32 24 6 22 33 4 30 2 29 9
 0 25 8 10 14 15 17 23 3 28 12 20 26 13 5 1 11 27 7 19 16 31 21 18 32 24 6 22 33 4 30 2 29 9
 0 25 8 10 14 15 17 23 3 28 12 20 26 13 5 1 11 27 7 19 16 31 21 18 32 24 6 22 33 4 30 2 29 9
 0 25 8 10 14 15 17 23 3 28 12 20 26 13 5 1 11 27 7 19 16 31 21 18 32 24 6 22 33 4 30 2 29 9
 0 25 8 10 14 15 17 23 3 28 12 20 26 13 5 1 11 27 7 19 16 31 21 18 32 24 6 22 33 4 30 2 29 9
 0 25 8 10 14 15 17 23 3 28 12 20 26 13 5 1 11 27 7 19 16 31 21 18 32 24 6 22 33 4 30 2 29 9
 0 25 8 10 14 15 17 23 3 28 12 20 26 13 5 1 11 27 7 19 16 31 21 18 32 24 6 22 33 4 30 2 29 9
 0 25 8 10 14 15 17 23 3 28 12 20 26 13 5 1 11 27 7 19 16 31 21 18 32 24 6 22 33 4 30 2 29 9
 0 25 8 10 14 15 17 23 3 28 12 20 26 13 5 1 11 27 7 19 16 31 21 18 32 24 6 22 33 4 30 2 29 9
 0 25 8 10 14 15 17 23 3 28 12 20 26 13 5 1 11 27 7 19 16 31 21 18 32 24 6 22 33 4 30 2 29 9
 0 25 8 10 14 15 17 23 3 28 12 20 26 13 5 1 11 27 7 19 16 31 21 18 32 24 6 22 33 4 30 2 29 9
 0 25 8 10 14 15 17 23 3 28 12 20 26 13 5 1 11 27 7 19 16 31 21 18 32 24 6 22 33 4 30 2 29 9
 0 25 8 10 14 15 17 23 3 28 12 20 26 13 5 1 11 27 7 19 16 31 21 18 32 24 6 22 33 4 30 2 29 9
 0 25 8 10 14 15 17 23 3 28 12 20 26 13 5 1 11 27 7 19 16 31 21 18 32 24 6 22 33 4 30 2 29 9
 0 25 8 10 14 15 17 23 3 28 12 20 26 13 5 1 11 27 7 19 16 31 21 18 32 24 6 22 33 4 30 2 29 9
 0 25 8 10 14 15 17 23 3 28 12 20 26 13 5 1 11 27 7 19 16 31 21 18 32 24 6 22 33 4 30 2 29 9
 0 25 8 10 14 15 17 23 3 28 12 20 26 13 5 1 11 27 7 19 16 31 21 18 32 24 6 22 33 4 30 2 29 9
 0 25 8 10 14 15 17 23 3 28 12 20 26 13 5 1 11 27 7 19 16 31 21 18 32 24 6 22 33 4 30 2 29 9
 0 25 8 10 14 15 17 23 3 28 12 20 26 13 5 1 11 27 7 19 16 31 21 18 32 24 6 22 33 4 30 2 29 9
 0 25 8 10 14 15 17 23 3 28 12 20 26 13 5 1 11 27 7 19 16 31 21 18 32 24 6 22 33 4 30 2 29 9
 0 25 8 10 14 15 17 23 3 28 12 20 26 13 5 1 11 27 7 19 16 31 21 18 32 24 6 22 33 4 30 2 29 9
 0 25 8 10 14 15 17 23 3 28 12 20 26 13 5 1 11 27 7 19 16 31 21 18 32 24 6 22 33 4 30 2 29 9
 0 25 8 10 14 15 17 23 3 28 12 20 26 13 5 1 11 27 7 19 16 31 21 18 32 24 6 22 33 4 30 2 29 9
 0 25 8 10 14 15 17 23 3 28 12 20 26 13 5 1 11 27 7 19 16 31 21 18 32 24 6 22 33 4 30 2 29 9
 0 25 8 10 14 15 17 23 3 28 12 20 26 13 5 1 11 27 7 19 16 31 21 18 32 24 6 22 33 4 30 2 29 9
 0 25 8 10 14 15 17 23 3 28 12 20 26 13 5 1 11 27 7 19 16 31 21 18 32 24 6 22 33 4 30 2 29 9
 0 25 8 10 14 15 17 23 3 28 12 20 26 13 5 1 11 27 7 19 16 31 21 18 32 24 6 22 33 4 30 2 29 9
 0 25 8 10 14 15 17 23 3 28 12 20 26 13 5 1 11 27 7 19 16 31 21 18 32 24 6 22 33 4 30 2 29 9
 0 25 8 10 14 15 17 23 3 28 12 20 26 13 5 1 11 27 7 19 16 31 21 18 32 24 6 22 33 4 30 2 29 9
 0 25 8 10 14 15 17 23 3 28 12 20 26 13 5 1 11 27 7 19 16 31 21 18 32 24 6 22 33 4 30 2 29 9
 0 25 8 10 14 15 17 23 3 28 12 20 26 13 5 1 11 27 7 19 16 31 21 18 32 24 6 22 33 4 30 2 29 9
 0 25 8 10 14 15 17 23 3 28 12 20 26 13 5 1 11 27 7 19 16 31 21 18 32 24 6 22 33 4 30 2 29 9
 0 25 8 10 14 15 17 23 3 28 12 20 26 13 5 1 11 27 7 19 16 31 21 18 32 24 6 22 33 4 30 2 29 9
 0 25 8 10 14 15 17 23 3 28 12 20 26 13 5 1 11 27 7 19 16 31 21 18 32 24 6 22 33 4 30 2 29 9
 0 25 8 10 14 15 17 23 3 28 12 20 26 13 5 1 11 27 7 19 16 31 21 18 32 24 6 22 33 4 30 2 29 9
 0 25 8 10 14 15 17 23 3 28 12 20 26 13 5 1 11 27 7 19 16 31 21 18 32 24 6 22 33 4 30 2 29 9
 0 25 8 10 14 15 17 23 3 28 12 20 26 13 5 1 11 27 7 19 16 31 21 18 32 24 6 22 33 4 30 2 29 9
 0 25 8 10 14 15 17 23 3 28 12 20 26 13 5 1 11 27 7 19 16 31 21 18 32 24 6 22 33 4 30 2 29 9
 0 25 8 10 14 15 17 23 3 28 12 20 26 13 5 1 11 27 7 19 16 31 21 18 32 24 6 22 33 4 30 2 29 9
 0 25 8 10 14 15 17 23 3 28 12 20 26 13 5 1 11 27 7 19 16 31 21 18 32 24 6 22 33 4 30 2 29 9
 0 25 8 10 14 15 17 23 3 28 12 20 26 13 5 1 11 27 7 19 16 31 21 18 32 24 6 22 33 4 30 2 29 9
 0 25 8 10 14 15 17 23 3 28 12 20 26 13 5 1 11 27 7 19 16 31 21 18 32 24 6 22 33 4 30 2 29 9
 0 25 8 10 14 15 17 23 3 28 12 20 26 13 5 1 11 27 7 19 16 31 21 18 32 24 6 22 33 4 30 2 29 9
 0 25 8 10 14 15 17 23 3 28 12 20 26 13 5 1 11 27 7 19 16 31 21 18 32 24 6 22 33 4 30 2 29 9
 0 25 8 10 14 15 17 23 3 28 12 20 26 13 5 1 11 27 7 19 16 31 21 18 32 24 6 22 33 4 30 2 29 9
 0 25 8 10 14 15 17 23 3 28 12 20 26 13 5 1 11 27 7 19 16 31 21 18 32 24 6 22 33 4 30 2 29 9
 0 25 8 10 14 15 17 23 3 28 12 20 26 13 5 1 11 27 7 19 16 31 21 18 32 24 6 22 33 4 30 2 29 9
 0 25 8 10 14 15 17 23 3 28 19 7 27 11 1 5 13 26 20 12 16 31 21 18 32 24 6 22 33 4 30 2 29 9
 0 25 8 10 14 15 17 23 3 28 19 7 27 11 1 5 13 26 20 12 16 31 21 18 32 24 6 22 33 4 30 2 29 9
 0 25 8 10 14 15 17 23 3 28 12 20 31 16 19 7 27 11 1 5 13 26 21 18 32 24 6 22 33 4 30 2 29 9
 0 25 12 10 11 15 17 23 3 28 6 22 1 13 5 29 20 14 7 19 21 31 16 26 32 18 30 27 33 4 8 2 24 9
 0 25 8 10 14 9 17 23 3 28 12 20 26 13 5 1 11 27 7 19 16 31 21 18 32 24 6 22 33 4 30 2 29 15
 0 25 8 10 14 9 17 23 3 28 12 20 26 13 5 1 11 27 7 19 16 31 21 18 32 24 6 22 33 4 30 2 29 15
 0 25 8 10 14 9 17 23 3 28 12 20 26 13 5 1 11 27 7 19 16 31 21 18 32 24 6 22 33 4 30 2 29 15
 0 25 8 10 14 9 17 23 3 28 12 20 26 13 5 1 11 27 7 19 16 31 21 18 32 24 6 22 33 4 30 2 29 15
 0 25 8 10 14 9 17 23 3 28 12 20 26 13 5 1 11 27 7 19 16 31 21 18 32 24 6 22 33 4 30 2 29 15
 0 25 8 10 14 15 17 23 3 28 12 20 26 16 5 1 11 27 7 13 21 18 32 24 6 22 33 4 30 19 31 2 29 9
 0 25 8 10 14 15 17 23 3 28 12 20 26 13 5 1 11 27 7 19 21 31 16 18 32 24 6 22 33 4 30 2 29 9
 0 25 8 10 14 15 17 23 3 28 12 1 5 13 26 20 11 27 7 19 16 31 21 18 32 24 6 22 33 4 30 2 29 9
 0 25 8 10 14 15 17 23 3 28 12 1 5 13 26 20 11 27 7 19 16 31 21 18 32 24 6 22 33 4 30 2 29 9
 0 25 8 10 14 15 17 23 3 28 12 1 5 13 26 20 11 27 7 19 16 31 21 18 32 24 6 22 33 4 30 2 29 9
 0 25 8 10 14 15 17 23 3 28 12 20 26 13 5 1 11 4 7 19 16 31 21 18 32 24 6 22 33 27 30 2 29 9
 0 25 8 10 14 15 17 23 3 28 12 20 26 13 5 1 11 4 7 19 16 31 21 18 32 24 6 22 33 27 30 2 29 9
 0 25 8 10 14 15 17 23 3 28 12 20 26 13 5 1 11 4 7 19 16 31 21 18 32 24 6 22 33 27 30 2 29 9
 0 25 8 10 14 15 17 22 3 28 12 20 26 13 5 1 11 27 7 19 16 31 21 18 32 24 6 23 33 4 30 2 29 9
 0 25 8 10 14 15 17 22 3 28 12 20 26 13 5 1 11 27 7 19 16 31 21 18 32 24 6 23 33 4 30 2 29 9
 0 25 8 10 14 15 17 22 3 28 12 20 26 13 5 1 11 27 7 19 16 31 21 18 32 24 6 23 33 4 30 2 29 9
 0 25 8 10 14 15 17 22 3 28 12 20 26 13 5 1 11 27 7 19 16 31 21 18 32 24 6 23 33 4 30 2 29 9
 0 25 8 10 14 15 17 22 3 28 12 20 26 13 5 1 11 27 7 19 16 31 21 18 32 24 6 23 33 4 30 2 29 9
 0 25 8 10 14 15 17 22 3 28 12 20 26 13 5 1 11 27 7 19 16 31 21 18 32 24 6 23 33 4 30 2 29 9
 0 25 8 10 14 15 17 23 3 28 12 20 26 13 5 1 11 27 7 19 16 31 21 18 30 24 6 22 33 4 32 2 29 9
 0 25 8 10 14 15 17 23 3 28 12 20 26 13 5 1 11 27 7 19 16 31 21 18 30 24 6 22 33 4 32 2 29 9
 0 25 8 10 14 15 17 23 3 28 12 20 26 13 5 1 11 27 7 19 16 31 21 18 30 24 6 22 33 4 32 2 29 9
 0 25 8 10 14 15 17 23 3 28 12 20 26 13 5 1 11 27 7 19 16 31 21 18 30 24 6 22 33 4 32 2 29 9
 0 25 8 10 14 15 17 23 3 28 12 20 26 13 5 1 11 27 7 19 16 31 21 18 30 24 6 22 33 4 32 2 29 9
 0 25 8 10 11 15 17 23 3 28 12 20 26 13 5 1 14 27 32 19 16 31 21 18 7 24 6 22 33 4 30 2 29 9
 0 25 8 10 11 15 17 23 3 28 12 20 26 13 5 1 14 27 32 19 16 31 21 18 7 24 6 22 33 4 30 2 29 9
 0 25 8 10 11 15 17 23 3 28 12 20 26 13 5 1 14 27 32 19 16 31 21 18 7 24 6 22 33 4 30 2 29 9
 0 25 8 10 11 15 17 23 3 28 12 20 26 13 5 1 14 27 32 19 16 31 21 18 7 24 6 22 33 4 30 2 29 9
 0 25 8 10 11 15 17 23 3 28 12 20 26 13 5 1 14 27 32 19 16 31 21 18 7 24 6 22 33 4 30 2 29 9
 0 25 8 10 11 6 1 27 14 7 19 16 24 21 18 15 17 2 3 28 12 20 26 13 30 23 5 22 33 4 32 29 9 31
 0 25 8 10 14 15 17 23 3 7 19 16 31 21 18 28 12 20 26 13 5 1 11 27 32 24 6 22 33 4 30 2 29 9
 0 25 8 10 14 15 17 23 3 7 19 16 31 21 18 28 12 20 26 13 5 1 11 27 32 24 6 22 33 4 30 2 29 9
 0 25 8 10 14 15 17 23 3 7 19 16 31 21 18 28 12 20 26 13 5 1 11 27 32 24 6 22 33 4 30 2 29 9
 0 25 8 10 24 15 17 23 3 28 12 20 26 13 5 1 11 27 7 19 16 31 21 18 32 14 6 22 33 4 30 2 29 9
 0 25 8 10 14 15 17 4 3 28 29 6 13 26 19 5 27 32 18 16 31 21 20 12 1 24 7 22 33 23 30 2 11 9
 0 25 8 10 14 15 17 27 3 28 12 20 26 13 5 1 11 23 7 19 16 31 21 18 32 24 6 22 33 4 30 2 29 9
 0 25 8 10 14 15 17 27 3 28 12 20 26 13 5 1 11 23 7 19 16 31 21 18 32 24 6 22 33 4 30 2 29 9
 0 25 8 10 14 15 17 27 3 28 12 20 26 13 5 1 11 23 7 19 16 31 21 18 32 24 6 22 33 4 30 2 29 9
 0 25 8 10 14 15 17 27 3 28 12 20 26 13 5 1 11 23 7 19 16 31 21 18 32 24 6 22 33 4 30 2 29 9
 0 25 8 10 14 15 17 27 3 28 12 20 26 13 5 1 11 23 7 19 16 31 21 18 32 24 6 22 33 4 30 2 29 9
 0 25 8 10 14 15 17 27 3 28 12 20 26 13 5 1 11 23 7 19 16 31 21 18 32 24 6 22 33 4 30 2 29 9
 0 25 8 10 14 15 17 4 29 28 12 20 26 13 5 1 11 27 7 22 6 24 21 18 30 31 16 19 33 23 32 2 3 9
 0 25 8 10 11 15 17 23 3 1 12 20 26 13 5 14 16 31 21 18 32 24 28 27 7 19 6 22 33 4 30 2 29 9
 0 25 8 10 14 15 17 23 3 28 12 20 26 13 5 1 11 27 7 19 16 31 21 18 32 24 6 4 33 22 30 2 29 9
 0 25 8 10 14 15 17 23 3 28 12 20 26 13 5 1 11 27 7 19 16 31 21 18 32 24 6 4 33 22 30 2 29 9
 0 25 8 10 14 15 17 23 3 28 12 20 26 13 5 1 11 27 7 19 16 31 21 18 32 24 6 4 33 22 30 2 29 9
 0 25 8 10 14 15 17 23 3 28 12 20 26 13 5 1 11 27 7 19 16 31 21 18 32 24 6 4 33 22 30 2 29 9
 0 25 8 10 14 15 17 23 3 28 12 20 26 13 5 1 11 27 7 19 16 31 21 18 32 24 6 4 33 22 30 2 29 9
 0 25 8 10 14 15 17 23 3 28 12 20 26 13 5 22 33 27 7 19 16 31 21 18 32 24 6 1 11 4 30 2 29 9
 0 25 8 10 14 15 17 23 3 28 12 20 26 13 5 1 11 27 7 19 16 31 21 24 30 18 6 22 33 4 32 2 29 9
 0 25 8 10 14 15 17 22 3 28 12 20 26 13 5 1 11 27 7 19 16 31 21 18 32 24 6 4 33 23 30 2 29 9
 0 25 17 10 14 15 8 23 3 28 12 20 26 13 5 1 11 27 7 19 16 31 21 18 32 24 6 22 33 4 30 2 29 9
 0 25 17 10 14 15 8 23 3 28 12 20 26 13 5 1 11 27 7 19 16 31 21 18 32 24 6 22 33 4 30 2 29 9
 0 25 8 10 14 15 17 23 3 28 12 20 26 13 5 1 11 27 7 24 32 18 21 31 16 19 6 22 33 4 30 2 29 9
 0 25 8 10 14 15 17 23 3 28 12 20 26 13 5 1 11 27 7 24 32 18 21 31 16 19 6 22 33 4 30 2 29 9
 0 25 8 10 14 15 17 22 3 28 12 20 26 13 5 1 11 27 7 19 16 31 21 18 9 24 6 23 33 4 30 29 2 32
 0 25 8 10 14 15 17 23 3 28 11 27 7 19 16 31 21 18 32 24 30 2 6 22 33 4 12 20 26 13 5 1 29 9
 0 25 8 10 14 15 17 2 3 28 12 20 26 13 5 1 11 27 7 19 6 24 32 18 21 31 16 22 33 4 30 23 29 9
 0 25 8 10 14 15 17 2 3 28 12 20 26 13 5 1 11 27 7 19 6 24 32 18 21 31 16 22 33 4 30 23 29 9
 0 25 8 10 14 15 17 23 26 13 5 1 11 27 7 19 16 31 20 12 28 3 21 18 32 24 6 22 33 4 30 2 29 9
 0 25 8 10 14 15 17 23 31 16 19 7 27 11 1 5 13 26 20 12 28 3 21 18 32 24 6 22 33 4 30 2 29 9
 0 25 8 10 14 15 17 23 31 16 19 7 27 11 1 5 13 26 20 12 28 3 21 18 32 24 6 22 33 4 30 2 29 9
 0 25 8 10 11 15 17 23 3 28 12 20 26 13 5 1 30 27 7 19 16 31 21 18 32 24 6 22 33 4 14 2 29 9
 0 25 8 10 14 15 17 23 3 28 12 20 26 13 5 1 11 32 24 6 22 33 4 30 27 7 19 16 31 21 18 2 29 9
 0 25 8 10 14 15 17 23 3 28 12 20 26 13 5 1 11 32 24 6 22 33 4 30 27 7 19 16 31 21 18 2 29 9
 0 25 8 10 14 15 17 23 31 16 19 7 27 11 1 5 13 30 2 12 28 3 32 24 21 18 4 33 6 22 26 20 29 9
 0 7 19 16 31 21 18 32 24 6 22 33 4 13 5 1 11 27 25 8 10 14 15 17 2 3 28 12 20 26 30 23 29 9
 0 25 8 10 14 15 17 4 29 1 12 20 26 13 5 11 28 27 7 22 6 24 21 18 32 31 16 19 30 23 33 2 3 9
 0 25 8 10 11 15 17 4 3 1 12 20 26 24 5 29 28 13 7 19 21 31 16 18 32 27 6 22 33 23 30 2 14 9
 0 25 8 10 11 15 17 4 29 1 12 20 26 13 5 14 28 27 7 22 6 24 21 18 32 31 16 19 30 23 33 2 3 9
 0 25 8 10 11 15 17 4 29 1 12 20 26 13 5 14 28 27 7 22 6 24 21 18 32 31 16 19 30 23 33 2 3 9
 0 25 8 10 11 15 17 2 29 1 12 20 26 13 5 14 28 27 7 22 6 24 21 18 32 31 16 19 30 23 33 4 3 9
 0 25 8 10 14 15 17 23 3 28 12 20 26 13 5 1 32 27 7 19 16 31 21 18 30 24 6 22 33 4 11 2 29 9
 0 25 8 10 14 15 17 4 3 1 12 20 26 24 5 29 28 13 7 19 21 31 16 18 32 27 6 22 33 23 30 2 11 9
 0 25 8 10 14 15 17 4 3 1 12 20 26 24 5 29 28 13 7 19 21 31 16 18 32 27 6 22 33 23 30 2 11 9
 0 25 8 10 14 15 17 4 33 22 6 24 32 18 21 31 16 19 7 27 11 1 5 13 26 20 12 28 3 2 30 23 29 9
 0 25 8 10 14 15 17 4 3 28 12 20 26 13 5 1 11 27 7 19 16 33 22 6 24 32 18 21 31 2 30 23 29 9
 0 25 8 10 14 15 17 2 3 28 12 20 26 13 5 1 11 27 7 19 16 31 21 18 32 24 6 22 33 4 30 23 29 9
 0 25 8 10 14 15 17 2 3 28 12 20 26 13 5 1 11 27 7 19 16 31 21 18 32 24 6 22 33 4 30 23 29 9
 0 25 8 10 14 15 17 2 3 28 12 20 26 13 5 1 11 27 7 19 16 31 21 18 32 24 6 22 33 4 30 23 29 9
 0 25 8 10 14 15 17 2 3 28 12 20 26 13 5 1 11 27 7 19 16 31 21 18 32 24 6 22 33 4 30 23 29 9
 0 25 8 10 14 15 17 2 3 28 12 20 26 13 5 1 11 27 7 19 16 31 21 18 32 24 6 22 33 4 30 23 29 9
 0 25 8 10 14 15 17 2 3 28 12 20 26 13 5 1 11 27 7 19 16 31 21 18 32 24 6 22 33 4 30 23 29 9
 0 25 8 10 14 15 17 2 3 28 12 20 26 13 5 1 11 27 7 19 16 31 21 18 32 24 6 22 33 4 30 23 29 9
 0 25 8 10 14 15 17 2 3 28 12 20 26 13 5 1 11 27 7 19 16 31 21 18 32 24 6 22 33 4 30 23 29 9
 0 25 8 10 14 15 17 2 3 28 12 20 26 13 5 1 11 27 7 19 16 31 21 18 32 24 6 22 33 4 30 23 29 9
 0 25 8 10 14 15 17 2 3 28 12 20 26 13 5 1 11 27 7 19 16 31 21 18 32 24 6 22 33 4 30 23 29 9
 0 25 8 10 14 15 17 2 3 28 12 20 26 13 5 1 11 27 7 19 16 33 22 6 24 32 18 21 31 4 30 23 29 9
 0 25 8 10 14 15 17 2 3 28 12 20 26 13 5 1 11 27 7 19 16 33 22 6 24 32 18 21 31 4 30 23 29 9
 0 25 8 10 14 15 17 2 3 28 12 20 26 13 5 1 11 27 7 19 21 31 16 18 32 24 6 22 33 4 30 23 29 9
 0 25 8 10 14 15 17 2 3 28 12 20 26 13 5 1 11 27 7 19 21 31 16 18 32 24 6 22 33 4 30 23 29 9
 0 1 12 16 26 27 17 10 29 9 8 2 18 4 14 15 20 11 32 22 6 23 31 21 33 7 24 25 3 28 19 5 13 30
 0 25 8 10 14 15 17 23 31 16 19 7 27 11 1 5 13 30 2 26 20 12 28 3 21 18 32 24 6 22 33 4 29 9
 0 25 8 10 11 15 17 4 3 28 12 20 26 13 5 29 1 24 7 19 21 31 16 18 32 27 6 22 33 23 30 2 14 9
 0 25 8 10 14 15 17 4 3 28 12 20 26 13 5 29 1 24 7 19 21 31 16 18 32 27 6 22 33 23 30 2 11 9
