86.8
91.8
91.4
101.4
95.8
92.4
94.6
87.8
90.6
104.8
97.8
127.8
93.4
98.6
94.8
94.6
112.6
91.2
77.4
106
113.6
129.8
87
97.4
104.8
103.8
71.8
67.4
79.8
109.6
92.6
84.2
95.4
88.4
89.2
87.4
105.6
81
91.8
104.8
140.4
123.8
121
97.6
77.4
56.8
87.2
96
100.6
116.8
104.4
103.2
128.4
90
104.6
92
87.2
114.2
95.4
100.6
101.4
93.8
94.4
107.2
115
92.4
94.2
95
81.4
107
93.6
103.8
105.8
95.4
106
105.4
104
95.8
105.2
89.6
95.2
106.8
119.4
80.4
113
86.8
119.2
91
92.6
97.6
92
130.4
96.4
112.4
100
127.2
95
114.2
90
119.8
109.8
109.8
105.2
90.6
96.4
77.6
101.2
95.8
94.6
98.4
99.6
106.6
101.6
122.2
106.6
93.4
108.6
110.2
80.2
81.2
109.6
94.2
105.8
82.4
125.4
83.6
82.6
103
112.2
119.6
92
113
92.2
87.8
106.8
108.6
89
95.4
108.2
84.6
89.8
106.2
118.8
83.8
79
96.2
116.4
98
84.6
102.6
96.6
92
89.4
129.2
126.8
91.4
100.2
98.8
103
91
102.2
106.6
111.4
120.6
112.6
95.2
130.2
94.2
89.4
119.4
80.2
93.2
80.6
84.8
85
95.2
101.8
88.8
110.4
116.4
83
84.4
83.4
98.6
111.6
95.2
118
78.2
101.6
82
77.6
84.2
97.4
94.2
96.6
94.6
101.4
98.6
119
76
114.2
93.6
112.6
96.2
89.4
93.4
127
80.8
85.2
91.2
101.8
82.4
89.4
78.2
86.4
86
124.2
110.8
105.2
113.2
112.6
78.2
114.6
99.6
79.6
95
97.4
81
100
85.8
71
131.8
87
100.4
68.8
109.2
94.6
77
83.6
100.6
93.4
106.4
80.2
97.4
116.6
79.2
101.4
93
105
125
113
90.4
99.2
93
101.8
88.8
83.8
89.8
113
138
99.2
112.4
82
90
106.4
95.2
85.2
79.8
73.6
73.6
112.2
81
122.8
97.2
89.2
105.2
89.6
88.6
116
120.2
107.6
88.4
87.2
106.6
85.4
114.6
101.2
89.8
94.2
117.4
101.4
77
143.2
137.2
93.6
99
102.6
131
110.8
91.8
113.6
95.6
125.8
65.6
95.8
83.6
128.4
112
97.2
115.2
84.8
109.4
130.8
106.4
105
88.2
85.6
89.8
102.2
100
95.4
109
107.8
104.6
148.2
123.8
86
102.6
107.8
114.8
104.2
99.8
75.4
106.8
79
111.8
106
132.8
81.8
108.6
97
84.8
86
82.8
120.4
90
105
106.6
89
88.2
106.2
81
119.2
75.4
133
91.8
88.8
88.8
97.2
103
98.6
98.2
94
131.6
90
61
94.2
95.8
112.4
93.2
87.2
105
101
108.8
92.2
102
128.2
84.2
111.4
97
80.8
107.2
97.6
84.6
71.2
107.2
103.6
106.2
85.2
111
119.4
101.8
99.6
110.8
102.4
90.2
103
88.2
81.6
132.8
123.2
86.6
89.6
103
95.4
85
118.4
110
106.2
91.4
102.6
90.8
115
85.4
78.6
95.6
114.6
90.2
92.8
98
90.6
84.4
70.6
92.8
82
84.8
103.6
106.8
87.2
84.2
113.6
116.8
92.8
102.6
98.6
95
85
123.6
111.2
100.2
91
101.4
100.2
62.2
125.8
117.8
124.4
100
105.4
85.8
107.4
112.6
79
103
115.4
116
103.2
88
95.6
96.4
94
98.4
106.4
62
96
107.6
98.8
73.2
104.8
133
100.2
99.4
94.4
95.8
106.8
105.4
102.4
98.6
98.2
96.6
85.4
131.2
115.2
125
97.2
80
98.2
86
110.2
109.2
98.6
108.8
121.2
118.6
85.4
93.6
91.2
105.4
121.6
116.6
94
102.2
103
126.8
92
87.2
102.2
119.2
98.2
92.4
88.2
87
73.4
99.8
85.6
102.2
116.2
58
112.6
81
99.6
89.8
78.6
99.4
102.6
81
106
112.4
84.2
127.2
127.8
116.8
86.2
104.8
114.4
91
112
95.8
70.2
102.6
113.4
83.2
93
87.2
84
85
90
67.2
95.6
85
94
134.8
108.6
129.4
93.8
98
100.6
105.8
84.6
96.8
123.4
125.4
94
107.8
98
102.6
102.2
88.8
119.8
103.8
115.2
92
91.8
108.6
112.8
127.8
101
75.4
104.2
109.8
93.2
92.6
108.4
109
138.4
78.4
74
104.4
127.2
115
103.2
106
102.6
112
112.8
90.8
103.4
121.4
98
86
113.8
80.4
86
90.6
100
79.8
96.4
110.2
105.2
79.8
83.6
114
94.6
84.6
120
99.6
121.6
112
78.4
91.8
101.4
106.8
108.4
108.4
84.6
109.8
107
121.2
93
115.8
104.4
96.8
110.6
107.4
97.2
90.2
98
95.6
85.2
104.6
84
92.2
98.2
90.2
104.6
97.2
94.4
73.6
98.6
107
110.8
131.2
83.4
105.6
101.8
76.4
99.8
117
106.4
117.8
86.6
104.4
101.2
120.6
135.2
87.8
99.4
86.2
113
87
107.2
84.2
90
90.2
94.6
136.8
102
84.6
90.4
110.6
75.6
105.4
110.6
135.2
91.6
111.4
102.8
92
87.6
141.6
83.2
96
98.6
109.2
99.6
78.2
97
93
83.4
106.2
84.4
111.6
116.8
55.6
102.4
92.6
90.8
100.6
100.2
91.8
97.2
84.8
73.8
87.6
99
93.4
110.2
78.2
93.8
92.4
74
84
106.2
78.8
75.4
110.4
111.2
111.6
85.2
99.8
83.2
91.6
109.8
79.6
111.6
100.6
114.8
128
93.6
99.8
102
102
78.4
91.8
94.4
91.2
78.2
94.6
97.4
94.6
100
90.4
98.6
113
88.6
102.2
105.8
117.6
87.8
124.2
123.2
93.8
91.8
113
99.2
100.4
82.8
101.4
100.4
76.8
93.2
87
124
90.4
101.8
118.4
94.4
94.2
114.8
99.6
98.2
81.6
126.8
112.8
109
119
111.2
93
96.8
116
93.6
95.6
90.6
123.2
98
76.6
114.2
100
104.2
93.2
114
80.8
96
114.2
115
98.4
114.2
89.2
115.4
88.4
96.2
96.6
99.4
79
112
79
98.2
113.6
111.4
107.6
87
80.8
92.8
94.8
110
104.6
104.8
107.6
111
108.6
71.2
92.6
102.2
99
96.6
108.6
93.4
123.6
97.4
77.4
98.4
111.2
89.6
94
96.4
114
96.6
114.8
88.6
116.4
87.6
84.2
89.4
73.8
117.2
94.8
98.6
90.8
89.2
98.6
95.4
124.2
119.6
115.2
99.2
102.2
90.8
108.4
102
96.2
84.8
99.2
106.8
99.6
90.2
87.2
122.2
87.2
85.2
120.4
88
89.6
78.8
104.2
118.8
101.6
99.8
86.4
75.6
90
81.8
104.2
80.8
80.6
97.6
107
97.2
91.6
93.2
114.8
80
107.6
120.4
83.4
89.6
106.8
102.4
67.2
105.6
91.6
89.2
106.6
100
104.4
114.4
108.8
89
106
93.6
117.6
115.2
82.8
83
98.2
71.6
97.8
76
122.8
100.2
107
85.2
135.6
87.8
118.4
95.6
87
79.2
89.4
85.4
82.6
106.2
116.8
124.4
106.6
107.6
113
93.2
124.2
107.8
132.6
59.4
81.2
112.8
114
88
102.4
86.2
102.6
79.6
114.2
121.2
74.8
93.4
86.8
75
106.2
116.6
84.8
70.2
111.8
100.6
92.2
107.4
91.2
108.8
97.2
105.6
81.8
101.6
81.8
102.2
85.6
87.6
80.4
107.8
101.4
131.8
121
104.2
98.8
103.6
92.6
102
92.2
92.2
89.2
95.6
132.6
94.8
118.2
