0.497316
0.499408
0.500502
0.498524
0.49849
0.499044
0.497665
0.499026
0.499784
0.50078
0.501568
0.502806
0.502521
0.502025
0.502046
0.501925
0.500877
0.500828
0.501013
0.501424
0.501532
0.50099
0.501449
0.500822
0.500639
0.500733
0.500974
0.500627
0.500573
0.500319
0.500508
0.500242
0.500155
0.500322
0.500355
0.500472
0.500104
0.500383
0.500136
0.500072
0.500167
0.500744
0.500736
0.501006
0.500934
0.501148
0.501003
0.501052
0.501243
0.501574
0.501327
0.501137
0.501345
0.501375
0.501741
0.501735
0.502027
0.50188
0.501866
0.501938
0.50226
0.501914
0.501777
0.501677
0.501781
0.501808
0.501868
0.501886
0.502074
0.502243
0.50193
0.50205
0.502234
0.502157
0.502029
0.502109
0.502251
0.50225
0.502241
0.502364
0.502074
0.501984
0.501872
0.501719
0.501601
0.501624
0.501548
0.501513
0.50148
0.50149
0.501459
0.501546
0.501456
0.501459
0.50139
0.501456
0.501678
0.501688
0.501622
0.501546
