0.0852301
0.0831635
0.0831613
0.0835263
0.0835743
0.0828961
0.0829267
0.0829253
0.0830925
0.0829682
0.0831601
0.0831751
0.0832418
0.0832229
0.0834621
0.0833837
0.083111
0.0831665
0.0830584
0.0830891
0.0832339
0.0833109
0.0833839
0.0835329
0.0834501
0.0835169
0.0835032
0.0835367
0.0835419
0.0835853
0.0835629
0.0835551
0.0834406
0.0834837
0.083539
0.0834695
0.0834466
0.0835475
0.0835398
0.0835221
0.0834568
0.0835957
0.0836014
0.0835442
0.0835085
0.0834967
0.0834428
0.0834086
0.0833996
0.083422
0.0833684
0.083395
0.083375
0.0834236
0.0834531
0.0834922
0.0834143
0.0833722
0.0833543
0.0833687
0.0832658
0.0833175
0.0832349
0.0832279
0.0832511
0.0832311
0.0832258
0.0831758
0.0832342
0.0832198
0.0832224
0.0832818
0.083275
0.083259
0.0832565
0.0832861
0.083278
0.0832748
0.0832692
0.0833029
0.0832957
0.0832392
0.0832538
0.0831944
0.0832147
0.0831898
0.083159
0.0831969
0.0832421
0.0832376
0.0832629
0.0832391
0.0832457
0.0832219
0.0832207
0.0832477
0.0832152
0.0831926
0.0831712
0.0831452
