0
0.000143611
0.00143977
0.00101853
0.00105598
0.00089828
0.000768583
0.000676444
0.000638223
0.00062074
0.000563943
0.000543333
0.000516069
0.00050215
0.000520131
0.000545817
0.000521874
0.000537528
0.000528239
0.000507041
0.000501172
0.000493648
0.000504584
0.000493417
0.000473483
0.000463843
0.000464622
0.000452613
0.000462086
0.000451252
0.000443872
0.000429945
0.000417229
0.00041146
0.000425489
0.000416234
0.000413633
0.000404264
0.000394161
0.00039409
0.000384589
0.0003809
0.00037616
0.000379641
0.000375152
0.000378479
0.000370635
0.000364473
0.000357016
0.000355235
0.000348654
0.000354674
0.000353285
0.000351052
0.000344731
0.000339278
0.000334311
0.000328512
0.000323562
0.000318861
0.000323228
0.000318543
0.000313438
0.000309319
0.000308007
0.000304642
0.000300472
0.000296267
0.000292035
0.000287893
0.000284181
0.000280533
0.000276742
0.000272986
0.000271942
0.000268494
0.000271893
0.000272485
0.00027352
0.000280372
0.000284448
0.000284473
0.000281057
0.000278219
0.000275436
0.000273654
0.000271077
0.000268906
0.000268027
0.000265286
0.000262811
0.000267588
0.000265203
0.000263329
0.000269695
0.000270101
0.000268112
0.000267421
0.000270072
0.000269516
