              1      -0.414466      -0.414466              0
              2      -0.393998      -0.404232      0.0102341
              3      -0.404585       -0.40435     0.00590981
              4      -0.423689      -0.409185     0.00639049
              5      -0.408523      -0.409052     0.00495182
              6       -0.41541      -0.410112     0.00417971
              7       -0.41463      -0.410757     0.00359097
              8      -0.411752      -0.410882     0.00311236
              9       -0.43044      -0.413055     0.00350095
             10      -0.413338      -0.413083     0.00313148
             11      -0.408821      -0.412696      0.0028589
             12      -0.415147        -0.4129     0.00261779
             13      -0.396276      -0.411621     0.00272651
             14      -0.422194      -0.412376      0.0026348
             15      -0.410065      -0.412222      0.0024577
             16      -0.420168      -0.412719     0.00235199
             17      -0.406988      -0.412382     0.00223488
             18      -0.407612      -0.412117     0.00212367
             19      -0.419047      -0.412482     0.00204163
             20      -0.421593      -0.412937     0.00198971
             21      -0.407591      -0.412683     0.00190964
             22      -0.408198      -0.412479     0.00183215
             23      -0.410414      -0.412389     0.00175298
             24      -0.403486      -0.412018     0.00171885
             25      -0.413735      -0.412087     0.00165009
             26      -0.414009      -0.412161     0.00158708
             27      -0.424176      -0.412606     0.00159068
             28      -0.413351      -0.412632     0.00153305
             29      -0.409576      -0.412527     0.00148299
             30      -0.410901      -0.412473     0.00143373
             31      -0.413288      -0.412499     0.00138696
             32      -0.417298      -0.412649     0.00135127
             33      -0.403279      -0.412365     0.00134011
             34      -0.411775      -0.412348     0.00130021
             35      -0.407084      -0.412197     0.00127144
             36      -0.424919      -0.412551     0.00128516
             37      -0.422663      -0.412824     0.00127947
             38      -0.423596      -0.413107     0.00127721
             39      -0.418818      -0.413254     0.00125261
             40      -0.405723      -0.413066     0.00123533
             41      -0.435584      -0.413615      0.0013241
             42      -0.420909      -0.413788     0.00130381
             43      -0.426168      -0.414076     0.00130527
             44      -0.412829      -0.414048     0.00127557
             45        -0.4149      -0.414067     0.00124705
             46      -0.408862      -0.413954     0.00122488
             47       -0.41688      -0.414016     0.00120015
             48      -0.413818      -0.414012     0.00117489
             49      -0.411397      -0.413959      0.0011519
             50       -0.40855       -0.41385      0.0011338
