              1      0.0516094      0.0516094              0
              2      0.0493194      0.0504644     0.00114496
              3      0.0479694      0.0496327     0.00106239
              4      0.0466102      0.0488771     0.00106551
              5      0.0478571      0.0486731     0.00085018
              6      0.0489686      0.0487223    0.000695914
              7      0.0441171      0.0480644    0.000882468
              8      0.0505158      0.0483709    0.000823379
              9      0.0560803      0.0492275     0.00112297
             10      0.0472881      0.0490335     0.00102297
             11       0.048742       0.049007    0.000925689
             12      0.0473384       0.048868    0.000856399
             13      0.0485054      0.0488401    0.000788266
             14      0.0513355      0.0490183    0.000751244
             15      0.0542214      0.0493652    0.000780666
             16      0.0506688      0.0494467    0.000734777
             17      0.0453884       0.049208     0.00073032
             18      0.0513376      0.0493263    0.000698643
             19      0.0480366      0.0492584    0.000664327
             20      0.0480654      0.0491987    0.000633052
             21      0.0468983      0.0490892    0.000612036
             22      0.0464591      0.0489696    0.000595673
             23      0.0481333      0.0489333    0.000570345
             24      0.0468213      0.0488453    0.000553109
             25      0.0485643      0.0488341    0.000530643
             26      0.0522826      0.0489667    0.000526796
             27      0.0525866      0.0491008     0.00052434
             28      0.0439934      0.0489184    0.000537184
             29      0.0495123      0.0489388    0.000518734
             30      0.0481511      0.0489126    0.000501832
             31      0.0442422      0.0487619    0.000508218
             32      0.0475861      0.0487252     0.00049345
             33      0.0532536      0.0488624    0.000497561
             34      0.0503508      0.0489062    0.000484686
             35      0.0476179      0.0488694    0.000472071
             36      0.0501967      0.0489062     0.00046025
             37      0.0472921      0.0488626    0.000449759
             38      0.0504669      0.0489048    0.000439794
             39      0.0499437      0.0489315    0.000429196
             40      0.0519393      0.0490067    0.000425034
             41      0.0499784      0.0490304    0.000415214
             42      0.0516166      0.0490919     0.00040986
             43      0.0496103       0.049104    0.000400396
             44      0.0466923      0.0490492    0.000395012
             45      0.0445629      0.0489495    0.000398796
             46      0.0498342      0.0489687    0.000390504
             47      0.0534203      0.0490634    0.000393669
             48       0.052631      0.0491378    0.000392481
             49       0.048711      0.0491291    0.000384487
             50      0.0511058      0.0491686    0.000378787
