-6.36201
-6.35371
-6.33932
-6.3166
-6.28301
-6.23715
-6.17985
-6.10701
-6.01673
-5.90864
-5.78047
-5.63582
-5.4839
-5.33471
-5.20008
-5.09127
-5.01504
-4.97185
-4.9582
-4.96716
-4.9926
-5.02498
-5.05892
-5.09115
-5.11708
-5.13555
-5.14747
-5.15306
-5.15687
-5.15891
-5.15991
-5.16122
-5.16148
-5.15817
-5.14965
-5.13435
-5.11114
-5.08259
-5.05203
-5.02235
-4.99833
-4.97951
-4.96711
-4.96083
-4.95968
-4.96245
-4.97113
-4.98498
-5.00175
-5.01945
-5.03584
-5.04748
-5.05408
-5.05379
-5.04828
-5.03649
-5.02316
-5.01044
-5.00168
-4.9966
-4.99578
-4.99854
-5.00248
-5.00881
-5.01625
-5.02401
-5.02994
-5.0334
-5.03476
-5.0335
-5.03047
-5.02966
-5.03262
-5.03963
-5.0505
-5.06222
-5.07219
-5.07846
-5.08344
-5.08676
-5.08847
-5.08826
-5.09026
-5.08854
-5.08466
-5.08046
-5.07526
-5.07181
-5.07232
-5.07333
-5.0769
-5.08077
-5.08579
-5.0903
-5.09347
-5.09311
-5.09037
-5.08335
-5.07369
-5.05929
-5.04277
-5.02257
-4.99987
-4.97675
-4.95285
-4.93125
-4.91457
-4.90523
-4.90557
-4.91643
-4.93537
-4.96107
-4.99012
-5.01731
-5.0384
-5.05399
-5.06251
-5.06448
-5.05934
-5.05056
-5.04136
-5.03116
-5.02459
-5.01894
-5.0144
-5.0099
-5.00525
-5.00219
-5.00167
-5.0066
-5.01789
-5.03371
-5.05168
-5.07276
-5.09503
-5.11624
-5.13229
-5.14432
-5.15055
-5.15266
-5.15106
-5.14967
-5.1507
-5.15202
-5.15288
-5.15082
-5.14491
-5.13568
-5.12618
-5.11833
-5.1158
-5.11692
-5.12195
-5.12684
-5.12768
-5.12453
-5.11372
-5.09756
-5.07632
-5.05545
-5.03953
-5.03247
-5.03769
-5.05173
-5.06564
-5.0755
-5.07957
-5.08136
-5.08445
-5.09011
-5.0999
-5.11086
-5.12289
-5.13549
-5.14692
-5.15856
-5.16963
-5.18069
-5.1868
-5.18684
-5.1758
-5.1586
-5.13658
-5.11479
-5.09907
-5.09509
-5.10066
-5.11286
-5.12585
-5.1388
-5.14731
-5.15325
-5.15697
-5.15591
-5.1499
-5.139
-5.12229
-5.09933
-5.07266
-5.04478
-5.01586
-4.98843
-4.96398
-4.94607
-4.93422
-4.93176
-4.93686
-4.94889
-4.96784
-4.99359
-5.02656
-5.06204
-5.09933
-5.13528
-5.16629
-5.19231
-5.21022
-5.21894
-5.22095
-5.21547
-5.20527
-5.19067
-5.17374
-5.15687
-5.13796
-5.12041
-5.10395
-5.09064
-5.08145
-5.07666
-5.07824
-5.08451
-5.09678
-5.11363
-5.132
-5.1514
-5.16853
-5.18062
-5.18807
-5.18935
-5.18525
-5.17742
-5.16554
-5.15302
-5.1418
-5.13745
-5.13914
-5.14725
-5.16236
-5.17867
-5.19686
-5.21114
-5.22082
-5.22695
-5.22522
-5.21573
-5.19875
-5.18001
-5.16186
-5.14346
-5.12639
-5.10842
-5.09064
-5.07276
-5.05577
-5.04152
-5.03012
-5.02256
-5.01871
-5.01849
-5.02094
-5.02493
-5.02731
-5.0274
-5.02305
-5.01369
-5.00027
-4.98357
-4.96803
-4.95646
-4.95387
-4.96318
-4.98414
-5.01383
-5.04765
-5.07866
-5.10291
-5.11509
-5.11373
-5.1045
-5.08914
-5.07267
-5.05803
-5.05188
-5.05287
-5.06329
-5.0788
-5.0938
-5.10784
-5.11926
-5.12628
-5.12838
-5.12553
-5.11707
-5.10508
-5.09069
-5.07634
-5.06332
-5.05013
-5.03877
-5.02898
-5.02505
-5.0303
-5.04661
-5.06992
-5.09664
-5.12051
-5.13681
-5.14364
-5.1397
-5.1279
-5.1098
-5.09144
-5.0755
-5.06647
-5.06548
-5.07127
-5.08131
-5.09081
-5.09674
-5.09531
-5.08436
-5.06564
-5.04171
-5.01472
-4.98999
-4.97138
-4.96051
-4.95806
-4.96438
-4.9765
-4.9946
-5.01597
-5.03801
-5.05556
-5.06793
-5.07011
-5.06514
-5.05329
-5.04012
-5.03007
-5.0279
-5.03381
-5.04445
-5.05577
-5.0623
-5.0665
-5.06951
-5.07201
-5.07697
-5.08527
-5.09514
-5.1059
-5.11437
-5.12134
-5.12658
-5.12843
-5.12982
-5.12887
-5.12707
-5.12559
-5.12381
-5.12464
-5.12721
-5.13056
-5.13444
-5.13713
-5.13785
-5.13742
-5.13519
-5.13131
-5.12791
-5.12448
-5.12295
-5.12142
-5.11991
-5.1176
-5.1137
-5.11082
-5.10408
-5.0966
-5.09064
-5.0845
-5.07926
-5.0775
-5.07841
-5.0788
-5.07824
-5.07632
-5.07297
-5.07344
-5.07817
-5.0854
-5.09593
-5.10574
-5.11386
-5.11929
-5.12348
-5.1259
-5.12616
-5.12771
-5.13193
-5.13942
-5.14864
-5.15917
-5.16965
-5.1796
-5.18456
-5.18615
-5.18142
-5.17125
-5.15717
-5.13946
-5.12068
-5.10217
-5.08733
-5.07732
-5.07219
-5.07204
-5.07558
-5.08247
-5.09055
-5.09725
-5.10081
-5.10111
-5.09996
-5.09832
-5.09714
-5.09919
-5.10361
-5.10797
-5.1116
-5.11124
-5.10429
-5.08893
-5.06723
-5.04361
-5.02536
-5.01694
-5.01984
-5.03347
-5.05408
-5.07906
-5.10718
-5.13687
-5.16714
-5.19719
-5.22482
-5.24848
-5.26604
-5.27617
-5.27967
-5.27682
-5.26649
-5.24971
-5.22605
-5.19651
-5.1636
-5.13091
-5.09978
-5.07429
-5.05633
-5.04631
-5.04156
-5.04227
-5.04812
-5.05919
-5.07687
-5.1018
-5.12612
-5.14932
-5.16435
-5.16725
-5.16105
-5.14754
-5.13541
-5.13217
-5.13964
-5.15512
-5.17418
-5.19231
-5.20425
-5.20669
-5.19939
-5.18478
-5.16543
-5.14417
-5.12378
-5.10754
-5.09938
-5.09837
-5.10409
-5.11288
-5.12383
-5.13151
-5.13517
-5.13465
-5.12859
-5.11717
-5.09961
-5.07825
-5.05297
-5.03162
-5.01775
-5.0161
-5.0289
-5.05239
-5.08177
-5.11698
-5.15021
-5.18153
-5.2075
-5.22896
-5.24641
-5.26163
-5.27429
-5.28506
-5.2913
-5.28983
-5.28093
-5.26364
-5.24069
-5.21205
-5.17979
-5.14444
-5.10961
-5.07825
-5.05148
-5.03113
-5.01805
-5.0131
-5.01458
-5.01872
-5.02502
-5.0313
-5.0394
-5.05062
-5.06417
-5.081
-5.09505
-5.1067
-5.11238
-5.10965
-5.0997
-5.08306
-5.0623
-5.04033
-5.0223
-5.00644
-4.99269
-4.98046
-4.96821
-4.95794
-4.95276
-4.95516
-4.96775
-4.98851
-5.0144
-5.04409
-5.07319
-5.09802
-5.11561
-5.12595
-5.1276
-5.12089
-5.10865
-5.09356
-5.07992
-5.07023
-5.06556
-5.06292
-5.06014
-5.05712
-5.05037
-5.04008
-5.02675
-5.01104
-4.99352
-4.97354
-4.95533
-4.94039
-4.93363
-4.93906
-4.95502
-4.97674
-4.99954
-5.01957
-5.03736
-5.0511
-5.06336
-5.07612
-5.08986
-5.10341
-5.11446
-5.12309
-5.12685
-5.12641
-5.12522
-5.12169
-5.11611
-5.11002
-5.10309
-5.09615
-5.08541
-5.07377
-5.0614
-5.04983
-5.04266
-5.04132
-5.04736
-5.05949
-5.07597
-5.09048
-5.10164
-5.10509
-5.0981
-5.0781
-5.0491
-5.01346
-4.9784
-4.95063
-4.93216
-4.9223
-4.91921
-4.92169
-4.92777
-4.93765
-4.9521
-4.9705
-4.9933
-5.01921
-5.04674
-5.07263
-5.0968
-5.1164
-5.12962
-5.13392
-5.12895
-5.11355
-5.09041
-5.06295
-5.03819
-5.02225
-5.01929
-5.02937
-5.05036
-5.07955
-5.11201
-5.14457
-5.16988
-5.18705
-5.19348
-5.18996
-5.17816
-5.15944
-5.13828
-5.12045
-5.10951
-5.10592
-5.11041
-5.11938
-5.12858
-5.13816
-5.1424
-5.14534
-5.14863
-5.15404
-5.15912
-5.16043
-5.15632
-5.14387
-5.12249
-5.09524
-5.06601
-5.04178
-5.02502
-5.02005
-5.0259
-5.04102
-5.06191
-5.08483
-5.10373
-5.11886
-5.12513
-5.12328
-5.11469
-5.10042
-5.08369
-5.06988
-5.06214
-5.06226
-5.06993
-5.08598
-5.10753
-5.12984
-5.15146
-5.16902
-5.182
-5.18696
-5.18435
-5.17275
-5.15342
-5.1286
-5.09854
-5.0667
-5.03498
-5.00587
-4.98083
-4.96468
-4.95651
-4.9564
-4.95969
-4.9662
-4.97231
-4.97781
-4.9832
-4.98946
-4.99792
-5.01115
-5.02242
-5.03252
-5.03874
-5.0427
-5.05193
-5.06622
-5.08741
-5.11209
-5.13478
-5.15004
-5.15404
-5.14626
-5.12676
-5.09843
-5.06679
-5.03932
-5.02216
-5.02119
-5.03526
-5.06021
-5.09037
-5.12212
-5.15165
-5.1749
-5.1929
-5.20647
-5.21546
-5.22198
-5.22656
-5.22889
-5.22575
-5.21664
-5.19951
-5.17418
-5.14175
-5.10189
-5.05657
-5.00883
-4.96533
-4.93175
-4.90807
-4.89815
-4.89817
-4.90359
-4.91068
-4.91956
-4.92795
-4.93758
-4.95009
-4.96712
-4.9902
-5.01933
-5.05289
-5.08909
-5.12292
-5.15251
-5.17482
-5.18793
-5.19218
-5.18927
-5.17824
-5.15931
-5.13625
-5.1107
-5.08724
-5.06615
-5.04974
-5.03502
-5.02142
-5.00793
-4.99505
-4.98731
-4.98201
-4.98103
-4.98405
-4.9899
-4.99618
-5.00109
-5.0051
-5.00565
-5.00458
-5.00353
-5.00793
-5.01934
-5.03791
-5.06133
-5.08618
-5.10847
-5.12539
-5.13762
-5.14684
-5.15257
-5.15666
-5.15836
-5.15874
-5.15966
-5.15968
-5.16027
-5.16287
-5.16612
-5.17041
-5.17416
-5.17673
-5.17718
-5.17584
-5.17349
-5.16936
-5.16678
-5.16601
-5.16776
-5.17077
-5.17474
-5.17844
-5.18191
-5.18251
-5.17882
-5.17042
-5.1561
-5.13844
-5.11936
-5.10047
-5.08164
-5.06468
-5.04695
-5.02725
-5.01071
-5.00268
-5.00852
-5.02508
-5.04798
-5.06966
-5.08961
-5.10551
-5.11926
-5.13078
-5.1387
-5.1413
-5.141
-5.13611
-5.12608
-5.11242
-5.09396
-5.07205
-5.04873
-5.0277
-5.01284
-5.00787
-5.01216
-5.0237
-5.03597
-5.04489
-5.0454
-5.03802
-5.0246
-5.00593
-4.98802
-4.9742
-4.96505
-4.96168
-4.964
-4.9755
-4.99617
-5.02517
-5.06004
-5.09845
-5.1362
-5.16911
-5.19599
-5.21405
-5.22294
-5.22607
-5.22188
-5.20957
-5.19166
-5.16727
-5.13688
-5.10297
-5.07057
-5.04139
-5.01873
-5.00103
-4.99066
-4.98728
-4.99138
-4.99868
-5.00977
-5.0205
-5.03331
-5.04481
-5.05664
-5.06803
-5.07896
-5.09032
-5.10135
-5.11228
-5.12095
-5.12707
-5.12716
-5.12141
-5.11129
-5.10122
-5.09568
-5.09834
-5.10805
-5.12258
-5.13769
-5.14603
-5.14614
-5.13724
-5.12228
-5.10431
-5.0846
-5.06466
-5.04727
-5.03713
-5.03757
-5.04927
-5.07167
-5.10219
-5.13089
-5.15174
-5.16415
-5.16564
-5.15702
-5.13849
-5.11444
-5.08615
-5.05343
-5.01896
-4.98345
-4.94783
-4.91865
-4.89578
-4.88022
-4.87199
-4.87157
-4.87619
-4.88756
-4.90204
-4.91978
-4.9367
-4.95327
-4.96753
-4.9827
-4.99837
-5.01467
-5.02899
-5.04372
-5.05668
-5.07018
-5.08217
-5.08939
-5.09007
-5.0828
-5.06622
-5.04421
-5.02172
-5.00631
-5.00162
-5.00771
-5.02267
-5.04102
-5.05722
-5.06952
-5.07803
-5.08583
-5.09437
-5.10415
-5.11396
-5.12171
-5.12356
-7.82869
-7.74755
-7.62584
-7.47463
-7.29065
-7.09055
-6.88426
-6.68359
-6.50888
-6.37591
-6.29108
-6.26019
-6.27173
-6.31392
-6.37454
-6.43922
-6.49926
-6.54735
-6.57933
-6.59437
-6.595
-6.58457
-6.56574
-6.54124
-6.51674
-6.49554
-6.47915
-6.47215
-6.47533
-6.49141
-6.51932
-6.55926
-6.61149
-6.667
-6.72421
-6.77791
-6.82425
-6.85776
-6.88164
-6.89324
-6.89462
-6.88694
-6.87436
-6.86256
-6.85219
-6.84213
-6.83498
-6.82804
-6.82345
-6.81898
-6.81107
-6.80226
-6.7918
-6.78141
-6.76699
-6.75182
-6.73898
-6.72804
-6.71936
-6.71822
-6.7221
-6.73439
-6.74987
-6.7673
-6.78401
-6.79693
-6.81072
-6.82221
-6.83396
-6.84056
-6.8469
-6.85288
-6.85714
-6.85453
-6.84876
-6.84102
-6.83405
-6.8234
-6.81208
-6.79872
-6.78423
-6.77064
-6.75927
-6.75228
-6.74759
-6.75009
-6.75076
-6.7499
-6.74295
-6.73424
-6.71874
-6.69759
-6.67716
-6.65623
-6.63978
-6.62848
-6.62528
-6.62958
-6.63876
-6.65416
-6.67169
-6.69192
-6.70969
-6.72304
-6.72789
-6.72625
-6.71345
-6.6953
-6.66955
-6.64591
-6.62356
-6.60692
-6.60098
-6.60847
-6.62739
-6.65822
-6.69751
-6.74405
-6.79358
-6.83895
-6.879
-6.9134
-6.93711
-6.94723
-6.94787
-6.94081
-6.93198
-6.91881
-6.90662
-6.89418
-6.88247
-6.86959
-6.8546
-6.8351
-6.81447
-6.7938
-6.77501
-6.75534
-6.73992
-6.72445
-6.71029
-6.69724
-6.68852
-6.6799
-6.67205
-6.6652
-6.66357
-6.66188
-6.66811
-6.67814
-6.6941
-6.71208
-6.73321
-6.75304
-6.77385
-6.79347
-6.80799
-6.82086
-6.82767
-6.82601
-6.81675
-6.7965
-6.77071
-6.74811
-6.72654
-6.71145
-6.70342
-6.70122
-6.69988
-6.69941
-6.69905
-6.69876
-6.70834
-6.71894
-6.7344
-6.74878
-6.76432
-6.78111
-6.79154
-6.7995
-6.80355
-6.80683
-6.80655
-6.80335
-6.79878
-6.79828
-6.7972
-6.80295
-6.80907
-6.81834
-6.82139
-6.8199
-6.81947
-6.81644
-6.81109
-6.80424
-6.79622
-6.78686
-6.77816
-6.77229
-6.76619
-6.76092
-6.76076
-6.76308
-6.7648
-6.7643
-6.76432
-6.76281
-6.75989
-6.75698
-6.75707
-6.75598
-6.75597
-6.75983
-6.76728
-6.77167
-6.77784
-6.77915
-6.78147
-6.78271
-6.78451
-6.78705
-6.78786
-6.78679
-6.78152
-6.77426
-6.76183
-6.74554
-6.72801
-6.71448
-6.70478
-6.70228
-6.70332
-6.71147
-6.72046
-6.72972
-6.73756
-6.74081
-6.7382
-6.73242
-6.71926
-6.70362
-6.6871
-6.67229
-6.66464
-6.66541
-6.67173
-6.68898
-6.71657
-6.74776
-6.77585
-6.8054
-6.83207
-6.84926
-6.86244
-6.86811
-6.87
-6.86683
-6.86042
-6.84917
-6.83633
-6.82137
-6.80814
-6.79389
-6.77993
-6.76688
-6.75269
-6.74045
-6.73011
-6.72641
-6.72907
-6.7355
-6.75193
-6.77182
-6.78844
-6.80022
-6.80572
-6.80372
-6.79796
-6.78694
-6.77728
-6.77002
-6.76999
-6.77134
-6.77585
-6.77831
-6.77744
-6.778
-6.77423
-6.77063
-6.76255
-6.75624
-6.75386
-6.75075
-6.74774
-6.74226
-6.73657
-6.73666
-6.74083
-6.74773
-6.75714
-6.76771
-6.7732
-6.77334
-6.77127
-6.76283
-6.75144
-6.73824
-6.72424
-6.71335
-6.7008
-6.68692
-6.67724
-6.66988
-6.66818
-6.66989
-6.67796
-6.68958
-6.70499
-6.7251
-6.74875
-6.76961
-6.78883
-6.8051
-6.81723
-6.82352
-6.82154
-6.81346
-6.80337
-6.78969
-6.77644
-6.76828
-6.76381
-6.76223
-6.76369
-6.76919
-6.77552
-6.78106
-6.78771
-6.79431
-6.80121
-6.80269
-6.80169
-6.79671
-6.78503
-6.76974
-6.75246
-6.73148
-6.71246
-6.69774
-6.68999
-6.69235
-6.69482
-6.70209
-6.70944
-6.71525
-6.71975
-6.72435
-6.72722
-6.72917
-6.72899
-6.73061
-6.73162
-6.73464
-6.74167
-6.74864
-6.75954
-6.77245
-6.78619
-6.79867
-6.80632
-6.80918
-6.80614
-6.79947
-6.78809
-6.77685
-6.7621
-6.74914
-6.74413
-6.74403
-6.74936
-6.75963
-6.76936
-6.78206
-6.79161
-6.80139
-6.80842
-6.81872
-6.82569
-6.83267
-6.84058
-6.84217
-6.83785
-6.82887
-6.81536
-6.79831
-6.77522
-6.7495
-6.72528
-6.70133
-6.68228
-6.6714
-6.66648
-6.67129
-6.68267
-6.7013
-6.72587
-6.7487
-6.77139
-6.7886
-6.79666
-6.80191
-6.79919
-6.79709
-6.78876
-6.77986
-6.77274
-6.76331
-6.75266
-6.74245
-6.73498
-6.72778
-6.72111
-6.72214
-6.72667
-6.73348
-6.74337
-6.75192
-6.75946
-6.76535
-6.76673
-6.76686
-6.7628
-6.75723
-6.74954
-6.74414
-6.73837
-6.73404
-6.72881
-6.72179
-6.71624
-6.71228
-6.7129
-6.7122
-6.71314
-6.71625
-6.72043
-6.72846
-6.7345
-6.74311
-6.75051
-6.76219
-6.77042
-6.78303
-6.79242
-6.80059
-6.80244
-6.79836
-6.78736
-6.76873
-6.74461
-6.7188
-6.69637
-6.68053
-6.67211
-6.67542
-6.68935
-6.71195
-6.73911
-6.76982
-6.79841
-6.82261
-6.84569
-6.86265
-6.87829
-6.89019
-6.8987
-6.901
-6.90049
-6.88985
-6.87836
-6.86066
-6.83941
-6.81589
-6.79212
-6.77028
-6.7484
-6.72856
-6.71272
-6.6975
-6.68726
-6.68332
-6.68765
-6.69886
-6.71876
-6.74138
-6.75993
-6.77253
-6.77908
-6.77261
-6.75975
-6.74287
-6.72249
-6.70566
-6.69065
-6.68344
-6.68756
-6.70161
-6.71743
-6.7404
-6.76452
-6.78415
-6.79624
-6.79865
-6.79173
-6.77823
-6.76216
-6.7519
-6.74614
-6.74719
-6.75382
-6.75937
-6.76943
-6.7776
-6.78491
-6.79283
-6.79894
-6.80084
-6.80387
-6.8003
-6.79376
-6.78283
-6.7675
-6.75398
-6.73951
-6.73078
-6.73356
-6.74343
-6.76141
-6.78063
-6.79807
-6.80936
-6.81531
-6.81307
-6.80198
-6.78231
-6.76002
-6.73918
-6.72356
-6.71446
-6.71593
-6.72629
-6.74254
-6.7616
-6.78037
-6.79614
-6.80847
-6.8175
-6.82466
-6.82693
-6.82884
-6.82902
-6.8294
-6.82851
-6.82598
-6.82162
-6.81291
-6.80332
-6.79055
-6.77411
-6.75151
-6.72979
-6.70981
-6.69136
-6.67997
-6.6772
-6.68502
-6.69807
-6.71514
-6.72819
-6.73615
-6.73663
-6.73063
-6.71527
-6.69558
-6.67836
-6.66337
-6.65722
-6.66265
-6.67741
-6.6985
-6.72541
-6.75696
-6.79068
-6.823
-6.85116
-6.87301
-6.88985
-6.89795
-6.89533
-6.88907
-6.87219
-6.852
-6.83366
-6.81441
-6.7982
-6.78545
-6.77467
-6.76307
-6.75173
-6.738
-6.7217
-6.70568
-6.68619
-6.67084
-6.65815
-6.65301
-6.65247
-6.66137
-6.673
-6.69271
-6.71509
-6.73842
-6.76556
-6.7907
-6.81246
-6.82823
-6.83482
-6.82768
-6.8125
-6.79005
-6.76119
-6.73248
-6.70302
-6.67818
-6.66602
-6.65922
-6.65943
-6.6722
-6.68771
-6.70925
-6.73571
-6.76298
-6.79075
-6.81653
-6.83931
-6.85932
-6.87219
-6.8818
-6.88313
-6.87871
-6.87487
-6.86646
-6.85853
-6.85067
-6.84268
-6.83393
-6.82123
-6.8069
-6.78324
-6.75762
-6.72619
-6.69226
-6.66125
-6.63597
-6.62014
-6.6144
-6.61944
-6.63364
-6.65302
-6.6738
-6.69547
-6.71724
-6.73826
-6.75673
-6.77483
-6.79556
-6.81195
-6.82943
-6.8405
-6.84494
-6.8449
-6.8382
-6.82784
-6.81603
-6.80055
-6.79038
-6.7818
-6.77597
-6.77756
-6.78229
-6.78888
-6.80052
-6.81155
-6.82209
-6.83036
-6.8283
-6.81729
-6.8008
-6.7793
-6.75944
-6.74049
-6.72649
-6.7172
-6.71636
-6.71954
-6.72933
-6.74148
-6.75385
-6.76175
-6.76698
-6.76563
-6.76199
-6.75265
-6.73999
-6.72465
-6.70842
-6.69319
-6.68458
-6.68241
-6.68869
-6.70156
-6.71633
-6.73424
-6.74974
-6.76371
-6.77592
-6.78105
-6.78291
-6.78187
-6.77758
-6.77349
-6.76518
-6.75842
-6.75341
-6.75057
-6.7532
-6.75571
-6.76258
-6.76946
-6.77525
-6.7801
-6.78231
-6.78008
-6.77639
-6.77084
-6.76293
-6.75515
-6.75219
-6.75364
-6.75764
-6.76727
-6.77647
-6.78414
-6.79075
-6.79374
-6.78881
-6.77979
-6.77027
-6.75419
-6.73999
-6.72585
-6.71629
-6.71318
-6.72108
-6.73603
-6.76126
-6.7917
-6.82553
-6.85734
-6.88253
-6.89684
-6.90051
-6.88966
-6.86755
-6.8352
-6.79293
-6.74347
-6.69681
-6.6548
-6.62253
-6.60274
-6.59598
-6.60398
-6.62609
-6.65611
-6.68684
-6.72201
-6.75041
-6.77405
-6.78962
-6.79544
-6.79237
-6.78478
-6.77325
-6.76277
-6.75256
-6.74876
-6.75031
-6.75974
-6.77265
-6.78722
-6.80141
-6.81881
-6.83472
-6.85042
-6.86801
-6.87816
-6.88758
-6.89018
-6.88749
-6.88033
-6.86601
-6.84362
-6.81586
-6.78714
-6.76034
-6.73699
-6.71481
-6.70077
-6.68499
-6.67731
-6.67197
-6.66975
-6.67148
-6.681
-6.69604
-6.71844
-6.74369
-6.76445
-6.77876
-6.78444
-6.78403
-6.77777
-6.76717
-6.75333
-6.74047
-6.72552
-6.70988
-6.69407
-6.68406
-6.67534
-6.67282
-6.6765
-6.68389
-6.69743
-6.71425
-6.7332
-6.75256
-6.7677
-6.78001
-6.79584
-6.80715
-6.81374
-6.82246
-6.82786
-6.82632
-6.82411
-6.81836
-6.81333
-6.80745
-6.80574
-6.80121
-6.7968
-6.79253
-6.78311
-6.76936
-6.75053
-6.72924
-6.71133
-6.69659
-6.68627
-6.68349
-6.68934
-6.69908
-6.71392
-6.73443
-6.75894
-6.78802
-6.81467
-6.83923
-6.85896
-6.87133
-6.87349
-6.86538
-6.84994
-6.83012
-6.8112
-6.79471
-6.78408
-6.77793
-6.77852
-6.77907
-6.78612
-6.7947
-6.80708
-6.81926
-6.82754
-6.83211
-6.82827
-6.81961
-6.802
-6.77933
-6.75263
-6.72284
-6.69447
-6.67338
-6.66113
-6.65593
-6.66212
-6.67303
-6.68958
-6.71153
-6.73309
-6.75399
-6.77304
-6.78953
-6.80111
-6.80709
-6.8023
-6.79119
-6.7734
-6.75187
-6.7318
-6.71496
-6.7013
-6.6954
-6.69625
-6.70351
-6.7194
-6.73854
-6.76028
-6.77937
-6.79985
-6.81244
-6.82025
-6.8259
-6.82994
-6.83141
-6.82692
-6.82575
-6.81888
-6.81188
-6.80642
-6.80055
-6.7941
-6.78747
-6.78038
-6.76939
-6.75865
-6.74693
-6.73713
-6.72859
-6.72614
-6.72599
-6.72828
-6.7277
-6.72856
-6.72349
-6.71958
-6.7132
-6.70119
-6.68989
-6.68088
-6.67547
-6.67329
-6.67541
-6.67596
-6.67903
-6.68519
-6.69447
-6.7012
-6.71095
-6.72021
-6.728
-6.73566
-6.74018
-6.74697
-6.7543
-6.76477
-6.77819
-6.79544
-6.81174
-6.82977
-6.84528
-6.85406
-6.8595
-6.85684
-6.84748
-6.83363
-6.81479
-6.79347
-6.77322
-6.75275
-6.7416
-6.73943
-6.74653
-6.76196
-6.78247
-6.80374
-0.398667
-0.891415
-1.48654
-1.99272
-2.32401
-2.48978
-2.53724
-2.50739
-2.41578
-2.27043
-2.09376
-1.94586
-1.89286
-1.96146
-2.1157
-2.30268
-2.47647
-2.6009
-2.68447
-2.7495
-2.80248
-2.84145
-2.85231
-2.82918
-2.78108
-2.72725
-2.70483
-2.71839
-2.74137
-2.75149
-2.74083
-2.72541
-2.73887
-2.79117
-2.8427
-2.844
-2.7585
-2.62309
-2.52231
-2.53927
-2.64811
-2.77124
-2.85587
-2.87925
-2.83769
-2.76282
-2.68425
-2.61777
-2.55839
-2.49103
-2.40617
-2.32009
-2.26465
-2.26054
-2.29229
-2.33172
-2.34295
-2.335
-2.34655
-2.37675
-2.36954
-2.31235
-2.23774
-2.19962
-2.24714
-2.39269
-2.59183
-2.7786
-2.89978
-2.92879
-2.89456
-2.85276
-2.82413
-2.79543
-2.77246
-2.74598
-2.71576
-2.69171
-2.67662
-2.66695
-2.65229
-2.622
-2.56936
-2.49974
-2.42557
-2.36782
-2.34333
-2.35216
-2.37921
-2.39899
-2.40187
-2.40879
-2.42736
-2.44558
-2.45108
-2.45442
-2.49307
-2.56346
-2.64426
-2.69555
-2.73375
-2.78624
-2.85335
-2.88962
-2.86342
-2.79886
-2.75271
-2.74001
-2.74438
-2.7649
-2.81115
-2.88609
-2.93142
-2.88012
-2.73434
-2.53878
-2.34986
-2.23612
-2.22063
-2.27379
-2.36287
-2.4727
-2.59519
-2.71962
-2.81661
-2.85409
-2.83433
-2.77937
-2.71995
-2.67426
-2.63378
-2.58202
-2.5194
-2.4866
-2.54265
-2.68803
-2.85393
-2.98915
-3.06681
-3.06331
-2.99114
-2.90277
-2.86342
-2.8503
-2.83583
-2.81267
-2.77032
-2.70379
-2.65054
-2.64604
-2.68062
-2.70561
-2.68233
-2.6162
-2.55405
-2.53742
-2.57702
-2.64364
-2.70681
-2.74798
-2.75971
-2.74428
-2.71416
-2.72398
-2.79323
-2.88175
-2.91456
-2.86468
-2.76801
-2.68761
-2.67082
-2.71499
-2.75977
-2.73929
-2.63601
-2.50235
-2.38932
-2.30242
-2.23556
-2.22028
-2.28302
-2.38945
-2.48371
-2.53764
-2.54067
-2.53158
-2.53567
-2.53019
-2.52105
-2.54845
-2.63053
-2.75104
-2.86284
-2.9281
-2.93812
-2.90784
-2.85857
-2.80179
-2.75186
-2.72521
-2.71389
-2.68632
-2.63346
-2.57167
-2.56594
-2.66453
-2.8374
-2.99794
-3.06981
-3.07926
-3.10292
-3.13995
-3.13065
-3.05314
-2.90338
-2.70406
-2.5113
-2.37652
-2.30958
-2.29895
-2.34284
-2.44225
-2.57334
-2.69702
-2.77207
-2.78474
-2.73987
-2.70298
-2.72526
-2.79442
-2.84503
-2.84894
-2.81572
-2.74189
-2.6534
-2.61626
-2.67454
-2.77489
-2.82489
-2.79101
-2.71901
-2.68121
-2.71811
-2.80442
-2.8859
-2.90343
-2.84714
-2.74213
-2.62873
-2.56038
-2.58277
-2.66647
-2.75905
-2.8012
-2.78723
-2.75822
-2.75471
-2.79522
-2.87801
-2.97895
-3.05786
-3.07406
-3.01918
-2.9255
-2.84876
-2.82469
-2.83587
-2.81252
-2.68894
-2.46711
-2.25252
-2.15255
-2.16862
-2.25142
-2.35356
-2.41476
-2.39252
-2.30407
-2.23839
-2.26956
-2.40681
-2.57376
-2.70911
-2.80117
-2.87852
-2.94254
-2.97108
-2.92355
-2.81623
-2.70023
-2.64614
-2.68292
-2.79201
-2.92666
-3.03808
-3.08666
-3.04992
-2.93745
-2.76479
-2.56617
-2.3715
-2.20964
-2.10865
-2.07297
-2.0801
-2.0932
-2.09799
-2.11537
-2.16794
-2.24861
-2.34302
-2.43453
-2.52121
-2.61529
-2.72353
-2.83656
-2.9063
-2.92201
-2.92176
-2.94472
-2.99495
-3.0773
-3.1616
-3.19537
-3.13028
-2.96597
-2.75821
-2.61362
-2.60433
-2.6969
-2.79336
-2.85177
-2.88241
-2.90466
-2.91131
-2.89495
-2.8527
-2.78545
-2.70626
-2.63229
-2.56236
-2.49838
-2.47521
-2.53548
-2.66273
-2.79075
-2.86315
-2.86878
-2.84096
-2.82614
-2.84323
-2.87779
-2.91586
-2.94214
-2.9396
-2.90298
-2.83095
-2.73015
-2.62672
-2.54757
-2.51268
-2.52956
-2.58925
-2.64182
-2.68233
-2.71267
-2.71305
-2.66886
-2.57165
-2.45655
-2.40129
-2.47037
-2.61111
-2.71329
-2.7576
-2.79129
-2.84543
-2.88854
-2.87269
-2.80498
-2.71522
-2.63169
-2.56125
-2.49426
-2.42838
-2.35214
-2.27523
-2.22625
-2.20428
-2.20249
-2.20803
-2.21259
-2.21999
-2.22295
-2.21352
-2.19146
-2.18076
-2.21028
-2.29568
-2.42799
-2.55928
-2.65478
-2.70622
-2.73344
-2.75367
-2.76394
-2.76488
-2.74401
-2.69141
-2.60124
-2.49527
-2.41744
-2.40637
-2.43576
-2.43412
-2.3794
-2.30354
-2.25828
-2.26729
-2.33649
-2.46255
-2.59747
-2.6952
-2.72976
-2.70812
-2.65629
-2.62391
-2.62404
-2.66166
-2.71949
-2.76987
-2.79898
-2.79346
-2.74993
-2.67621
-2.59459
-2.52316
-2.48965
-2.52314
-2.62823
-2.78357
-2.93592
-3.0307
-3.03159
-2.94204
-2.78591
-2.59964
-2.44771
-2.39815
-2.43636
-2.48205
-2.48802
-2.45349
-2.40433
-2.38083
-2.42039
-2.52222
-2.63604
-2.69346
-2.67062
-2.5884
-2.49534
-2.48045
-2.57346
-2.70932
-2.79359
-2.77293
-2.67463
-2.57966
-2.60068
-2.75026
-2.93743
-3.06517
-3.08425
-2.99152
-2.83034
-2.64526
-2.48551
-2.38883
-2.38727
-2.47031
-2.60526
-2.74174
-2.84444
-2.88761
-2.8474
-2.70702
-2.48807
-2.25945
-2.085
-2.00747
-2.03357
-2.15994
-2.362
-2.60078
-2.8185
-2.95914
-3.00304
-2.95193
-2.84646
-2.74951
-2.70632
-2.72759
-2.79178
-2.86539
-2.90813
-2.90186
-2.8333
-2.7146
-2.59884
-2.54461
-2.5631
-2.60559
-2.61898
-2.58307
-2.5226
-2.50471
-2.55587
-2.63132
-2.67523
-2.64346
-2.53801
-2.39969
-2.29049
-2.24296
-2.26771
-2.31538
-2.32285
-2.2933
-2.31295
-2.4013
-2.47772
-2.50079
-2.50791
-2.5334
-2.55339
-2.55626
-2.55188
-2.55419
-2.56763
-2.57039
-2.55469
-2.54258
-2.545
-2.56373
-2.59662
-2.64288
-2.70698
-2.79685
-2.90285
-2.99195
-3.04065
-3.02974
-2.98158
-2.90774
-2.81302
-2.70998
-2.64053
-2.62649
-2.65824
-2.70063
-2.73523
-2.74928
-2.76296
-2.81361
-2.87362
-2.88128
-2.80879
-2.68025
-2.56194
-2.52996
-2.61123
-2.7647
-2.90455
-2.9452
-2.87764
-2.72402
-2.5174
-2.33074
-2.23349
-2.24352
-2.30469
-2.35986
-2.40132
-2.46274
-2.5897
-2.75999
-2.91803
-3.00051
-2.98174
-2.88068
-2.75301
-2.65869
-2.63746
-2.67229
-2.72012
-2.74955
-2.76
-2.75017
-2.70725
-2.66056
-2.65481
-2.6744
-2.64819
-2.552
-2.43371
-2.34688
-2.28664
-2.23584
-2.22721
-2.29297
-2.41405
-2.5441
-2.65124
-2.73867
-2.83437
-2.93224
-3.00436
-3.02254
-3.00372
-2.96595
-2.90296
-2.81338
-2.69597
-2.57608
-2.50519
-2.50119
-2.55296
-2.61192
-2.64109
-2.62641
-2.57518
-2.50973
-2.44332
-2.37649
-2.31277
-2.25568
-2.2202
-2.25653
-2.38326
-2.56547
-2.72813
-2.82784
-2.87161
-2.89422
-2.91719
-2.93726
-2.93284
-2.88865
-2.79859
-2.68242
-2.58055
-2.55071
-2.57525
-2.61965
-2.66878
-2.73293
-2.81781
-2.91032
-2.96196
-2.92427
-2.80795
-2.6675
-2.57808
-2.55154
-2.52343
-2.43829
-2.31255
-2.20155
-2.15938
-2.1957
-2.28521
-2.39534
-2.49787
-2.57905
-2.65255
-2.73405
-2.82538
-2.88861
-2.89118
-2.83778
-2.75304
-2.68082
-2.64065
-2.65056
-2.70975
-2.78412
-2.84078
-2.85706
-2.84617
-2.85135
-2.89888
-2.98927
-3.07924
-3.12589
-3.09498
-3.00182
-2.86675
-2.71405
-2.54395
-2.39619
-2.37336
-2.5253
-2.71052
-2.83487
-2.88891
-2.87705
-2.81924
-2.72641
-2.59891
-2.43829
-2.26921
-2.15829
-2.1675
-2.3162
-2.54339
-2.75162
-2.8534
-2.82888
-2.70579
-2.56246
-2.46359
-2.39727
-2.35201
-2.35918
-2.4534
-2.59729
-2.7302
-2.78915
-2.74126
-2.59261
-2.37848
-2.17494
-2.06009
-2.07878
-2.21769
-2.39748
-2.55205
-2.62411
-2.65085
-2.69761
-2.79735
-2.90785
-2.98402
-3.01823
-3.00678
-2.95966
-2.89481
-2.84316
-2.79955
-2.73822
-2.64705
-2.54504
-2.47626
-2.44873
-2.43386
-2.40733
-2.36046
-2.32976
-2.31543
-2.30228
-2.29041
-2.30278
-2.33794
-2.37498
-2.3923
-2.3945
-2.39683
-2.38399
-2.35011
-2.30466
-2.27418
-2.29431
-2.37339
-2.47353
-2.542
-2.55922
-2.54615
-2.5229
-2.53017
-2.60129
-2.71158
-2.78477
-2.7598
-2.64515
-2.50937
-2.43447
-2.43118
-2.46898
-2.50915
-2.53773
-2.54622
-2.52345
-2.47195
-2.41955
-2.40841
-2.45392
-2.50261
-2.51979
-2.51911
-2.51295
-2.49054
-2.49571
-2.55271
-2.58015
-2.52369
-2.40504
-2.31419
-2.32408
-2.43645
-2.57082
-2.6454
-2.63245
-2.54715
-2.43489
-2.35169
-2.32224
-2.31017
-2.29409
-2.30347
-2.41155
-2.57867
-2.71088
-2.75535
-2.72043
-2.65175
-2.58456
-2.55274
-2.5568
-2.59729
-2.69264
-2.80766
-2.87367
-2.8709
-2.83607
-2.81016
-2.79754
-2.78361
-2.77998
-2.79963
-2.82634
-2.83755
-2.82635
-2.80081
-2.76771
-2.71321
-2.64152
-2.5783
-2.58279
-2.67442
-2.81425
-2.91813
-2.94574
-2.97402
-3.0647
-3.15513
-3.16467
-3.08299
-2.9576
-2.84172
-2.76273
-2.70392
-2.65675
-2.61803
-2.59495
-2.5968
-2.64252
-2.73823
-2.85482
-2.92446
-2.89198
-2.77
-2.61708
-2.49976
-2.42777
-2.39771
-2.40922
-2.49325
-2.6162
-2.71562
-2.77119
-2.78363
-2.76298
-2.70876
-2.61679
-2.4961
-2.37942
-2.33767
-2.40965
-2.56929
-2.73936
-2.85742
-2.88799
-2.82326
-2.68593
-2.52264
-2.4003
-2.35543
-2.38271
-2.4232
-2.44041
-2.43129
-2.42869
-2.46396
-2.54333
-2.64576
-2.7446
-2.82372
-2.84948
-2.81862
-2.74377
-2.66056
-2.59982
-2.57931
-2.58865
-2.59909
-2.60072
-2.61636
-2.66189
-2.71881
-2.75735
-2.7644
-2.75214
-2.72245
-2.68057
-2.64161
-2.6154
-2.59595
-2.55403
-2.47709
-2.39342
-2.35949
-2.40129
-2.50375
-2.63105
-2.73782
-2.78653
-2.76916
-2.71973
-2.70786
-2.74043
-2.78375
-2.80486
-2.81614
-2.83357
-2.8702
-2.90929
-2.92723
-2.90245
-2.83042
-2.74151
-2.69369
-2.66782
-2.60953
-2.5115
-2.40641
-2.32816
-2.29408
-2.29475
-2.33196
-2.40922
-2.49644
-2.551
-2.55002
-2.49578
-2.40887
-2.33016
-2.28664
-2.24996
-2.22199
-2.23778
-2.28134
-2.31523
-2.3261
-2.33446
-2.36854
-2.43023
-2.51207
-2.60396
-2.68804
-2.72996
-2.73151
-2.72094
-2.72306
-2.72211
-2.69401
-2.63535
-2.55132
-2.45325
-2.38143
-2.38538
-2.44977
-2.51161
-2.55503
-2.59352
-2.6223
-2.61675
-2.55533
-2.4617
-2.3965
