1.89852
1.89337
1.88421
1.87038
1.85093
1.82456
1.78963
1.74432
1.68693
1.61631
1.53251
1.43759
1.3362
1.23551
1.1439
1.06889
1.01512
0.983574
0.97207
0.976423
0.991664
1.01289
1.03585
1.05723
1.07486
1.08776
1.09603
1.10065
1.10303
1.10453
1.1059
1.10712
1.10745
1.10563
1.10027
1.09027
1.07535
1.05651
1.03587
1.01607
0.999271
0.986512
0.977769
0.972631
0.970912
0.972788
0.978415
0.98745
0.998875
1.0111
1.02232
1.03091
1.03573
1.03619
1.03239
1.02529
1.01656
1.00823
1.00194
0.998377
0.997395
0.99854
1.00142
1.00572
1.01101
1.01652
1.02122
1.02414
1.02486
1.02382
1.02236
1.02212
1.02433
1.02926
1.03617
1.0437
1.05039
1.05528
1.05826
1.05995
1.06121
1.06239
1.06311
1.06253
1.06029
1.05695
1.05361
1.05128
1.05046
1.05118
1.05325
1.05626
1.0597
1.06288
1.06503
1.0655
1.0638
1.05967
1.05307
1.0441
1.03299
1.02
1.00541
0.989666
0.973678
0.958955
0.94741
0.940813
0.9403
0.946289
0.958368
0.975061
0.993872
1.012
1.02716
1.03793
1.0438
1.04494
1.04216
1.03669
1.03008
1.02379
1.01868
1.01472
1.01128
1.00779
1.00443
1.00221
1.00237
1.00581
1.0127
1.02268
1.03506
1.04901
1.06347
1.07716
1.08874
1.09703
1.10147
1.10245
1.10139
1.10018
1.10021
1.10144
1.10252
1.1018
1.09835
1.09246
1.08578
1.08059
1.07855
1.07974
1.08273
1.08542
1.08597
1.08314
1.07643
1.06599
1.05273
1.03864
1.02706
1.02177
1.0245
1.03302
1.04263
1.04957
1.05298
1.05444
1.05635
1.06029
1.06651
1.07432
1.08273
1.09089
1.09845
1.10571
1.11308
1.12007
1.12489
1.12527
1.11973
1.10845
1.09355
1.07877
1.06828
1.0647
1.06785
1.07523
1.0838
1.09148
1.09744
1.10158
1.10386
1.10383
1.10069
1.09363
1.08239
1.0675
1.0501
1.03148
1.01259
0.994193
0.977443
0.96406
0.955697
0.953079
0.955964
0.963811
0.976294
0.99323
1.01415
1.038
1.06314
1.08758
1.10942
1.12705
1.13945
1.14622
1.14766
1.14451
1.1378
1.12858
1.11771
1.10592
1.09381
1.08204
1.07132
1.06243
1.05611
1.05297
1.05345
1.05775
1.0657
1.07659
1.08925
1.10214
1.11368
1.12248
1.12763
1.12887
1.12646
1.12109
1.11371
1.10557
1.09829
1.09389
1.09401
1.09907
1.10795
1.11883
1.12999
1.14009
1.14786
1.15197
1.15133
1.14559
1.13561
1.12324
1.11041
1.09809
1.08618
1.07423
1.06208
1.05011
1.03896
1.02928
1.02157
1.01618
1.01335
1.01306
1.01484
1.01767
1.02018
1.02089
1.01863
1.01285
1.00386
0.992925
0.982193
0.974432
0.972408
0.978009
0.991463
1.01101
1.0333
1.05431
1.0705
1.0796
1.08087
1.07512
1.0645
1.05218
1.04175
1.03616
1.03671
1.04271
1.05205
1.06236
1.07187
1.07951
1.08458
1.08652
1.08489
1.07968
1.0716
1.06199
1.05218
1.04293
1.0342
1.02595
1.01908
1.01576
1.01847
1.02826
1.04378
1.06168
1.07804
1.08971
1.09485
1.09309
1.08532
1.07361
1.0608
1.05002
1.04376
1.04307
1.04715
1.05384
1.06034
1.06408
1.06316
1.05663
1.04473
1.02894
1.01166
0.995526
0.982789
0.974904
0.972513
0.975598
0.983629
0.995586
1.0099
1.02449
1.03702
1.04538
1.04813
1.04514
1.03783
1.02919
1.0228
1.0213
1.025
1.03184
1.0389
1.0441
1.04699
1.04855
1.05032
1.05354
1.0586
1.065
1.0717
1.07767
1.08226
1.0853
1.08696
1.08749
1.08713
1.08617
1.08506
1.08441
1.08474
1.08625
1.08863
1.09123
1.09331
1.09432
1.09406
1.09266
1.09053
1.08808
1.08566
1.08359
1.08202
1.08088
1.07986
1.07844
1.07612
1.07265
1.06814
1.06317
1.05858
1.05523
1.05359
1.05339
1.05367
1.0533
1.05189
1.0503
1.05018
1.05275
1.05787
1.06433
1.07074
1.07609
1.07988
1.08202
1.08292
1.08337
1.08449
1.08721
1.09199
1.0986
1.10619
1.11365
1.11986
1.12384
1.12483
1.12234
1.1163
1.10709
1.09555
1.08296
1.0708
1.06045
1.05304
1.04916
1.04883
1.05145
1.05593
1.06093
1.06522
1.06797
1.06894
1.06848
1.0674
1.06672
1.06732
1.06952
1.07278
1.07566
1.07608
1.07206
1.06265
1.04871
1.03321
1.02034
1.01378
1.01495
1.02304
1.03618
1.05267
1.07134
1.09135
1.11184
1.13179
1.15004
1.16553
1.17743
1.18522
1.1886
1.18738
1.18138
1.17056
1.15521
1.13604
1.11436
1.09201
1.07118
1.05395
1.04157
1.03404
1.03052
1.03028
1.03332
1.04027
1.05162
1.06683
1.08384
1.09935
1.10984
1.11287
1.10837
1.09935
1.091
1.08805
1.09224
1.10224
1.11496
1.12691
1.13498
1.13724
1.13318
1.12361
1.11026
1.0954
1.08149
1.07075
1.06469
1.06374
1.0671
1.07311
1.07974
1.08517
1.0881
1.08797
1.08457
1.07763
1.06691
1.05274
1.03682
1.02225
1.01272
1.01105
1.01814
1.03294
1.05322
1.07627
1.09936
1.12033
1.13808
1.15258
1.16452
1.17472
1.18351
1.19051
1.19472
1.1949
1.19011
1.17992
1.16467
1.14532
1.12321
1.09979
1.07657
1.05502
1.03658
1.02252
1.01358
1.00963
1.00968
1.01236
1.01645
1.02137
1.02717
1.03437
1.04342
1.05395
1.06453
1.07303
1.07742
1.07646
1.07003
1.0591
1.0455
1.03149
1.01887
1.0083
0.999324
0.99113
0.983398
0.976773
0.97284
0.973657
0.980698
0.993894
1.01155
1.03109
1.05006
1.06646
1.07877
1.08583
1.08709
1.08299
1.07501
1.06538
1.05642
1.04978
1.04591
1.04403
1.04262
1.04017
1.0357
1.02896
1.02016
1.00963
0.997677
0.984804
0.972228
0.962167
0.957396
0.959945
0.969674
0.98407
0.999717
1.014
1.02589
1.0358
1.04481
1.0538
1.06296
1.07177
1.07932
1.0848
1.08785
1.08858
1.08743
1.08499
1.08173
1.07792
1.07348
1.06807
1.06135
1.05338
1.04492
1.03733
1.03231
1.03127
1.03484
1.04248
1.05264
1.06294
1.07077
1.07359
1.06949
1.05763
1.03877
1.01564
0.99234
0.972969
0.959801
0.952784
0.950446
0.951325
0.954727
0.960732
0.969745
0.981993
0.997148
1.01429
1.03214
1.04942
1.06505
1.07803
1.0872
1.09108
1.08837
1.07875
1.06346
1.04542
1.02865
1.01721
1.01385
1.01941
1.03291
1.05215
1.07418
1.0958
1.11397
1.1263
1.13151
1.12963
1.12177
1.10987
1.09637
1.08402
1.07543
1.07227
1.07449
1.08026
1.08686
1.09204
1.09507
1.09677
1.09876
1.10195
1.1056
1.10749
1.10518
1.09717
1.08352
1.06582
1.04688
1.03004
1.01841
1.01402
1.01721
1.02668
1.04006
1.05466
1.06792
1.07774
1.08266
1.08207
1.07639
1.06703
1.05627
1.0468
1.04106
1.04066
1.04603
1.0564
1.07022
1.08556
1.10042
1.11304
1.12194
1.12598
1.1245
1.11741
1.10519
1.0888
1.0694
1.04826
1.02685
1.0069
0.990279
0.978648
0.972737
0.971936
0.974513
0.978411
0.982143
0.98525
0.988287
0.99239
0.99852
1.00652
1.01482
1.02148
1.02582
1.02922
1.03444
1.04379
1.05756
1.07365
1.08868
1.09925
1.1029
1.09843
1.08614
1.06789
1.04711
1.02842
1.01642
1.01412
1.02197
1.03786
1.05832
1.07976
1.09943
1.11572
1.12819
1.13732
1.14401
1.14901
1.15244
1.15375
1.15202
1.14629
1.13578
1.11995
1.09858
1.07206
1.0418
1.01032
0.981005
0.957297
0.941565
0.93418
0.933547
0.937085
0.942436
0.948153
0.953923
0.960323
0.96851
0.979792
0.995154
1.0147
1.03736
1.06111
1.08361
1.10284
1.11742
1.12662
1.13021
1.1283
1.12123
1.10963
1.0946
1.07793
1.06165
1.04734
1.03547
1.02543
1.01622
1.0073
0.999001
0.992398
0.988553
0.987895
0.98998
0.993778
0.998161
1.00213
1.00486
1.00582
1.0052
1.0044
1.00585
1.012
1.02368
1.03926
1.0557
1.07033
1.08193
1.09055
1.0968
1.10128
1.10434
1.10618
1.10703
1.10718
1.10709
1.10732
1.10835
1.11034
1.11296
1.1156
1.11752
1.11817
1.11732
1.11524
1.11268
1.11066
1.10998
1.1109
1.11311
1.11602
1.11893
1.12107
1.12158
1.11961
1.11454
1.1062
1.09515
1.08252
1.06959
1.05718
1.04517
1.03289
1.02033
1.00928
1.00331
1.00552
1.01572
1.03037
1.04545
1.05876
1.06996
1.07931
1.08679
1.09202
1.09455
1.09413
1.09077
1.08447
1.07526
1.06322
1.0488
1.03317
1.0185
1.00765
1.00313
1.00555
1.01303
1.02189
1.02843
1.03014
1.02617
1.01731
1.00561
0.993663
0.983759
0.977189
0.97444
0.975929
0.982527
0.995085
1.01366
1.03704
1.06294
1.08859
1.11134
1.1293
1.14161
1.14836
1.15021
1.14764
1.14069
1.12912
1.11298
1.09312
1.0712
1.04938
1.02963
1.01333
1.00127
0.993966
0.991542
0.993408
0.998341
1.00502
1.01252
1.02043
1.0285
1.0365
1.04423
1.05164
1.05891
1.06626
1.07358
1.08011
1.08448
1.08535
1.0821
1.07567
1.06854
1.0641
1.06498
1.07148
1.08132
1.09091
1.09688
1.09724
1.09184
1.08192
1.0693
1.05559
1.04211
1.03042
1.02281
1.02182
1.029
1.04363
1.06256
1.08152
1.09667
1.10554
1.10725
1.10213
1.09129
1.07603
1.05746
1.03628
1.01315
0.989086
0.965757
0.945215
0.929244
0.918641
0.913092
0.911814
0.914325
0.920535
0.930021
0.94145
0.953085
0.963916
0.974066
0.984158
0.994486
1.00478
1.01467
1.02413
1.03338
1.04243
1.05049
1.05597
1.05705
1.05249
1.04233
1.02829
1.01364
1.0025
0.998277
1.002
1.01184
1.02423
1.03567
1.04419
1.04996
1.05466
1.06002
1.06665
1.07356
1.07889
1.08083
1.38823
1.34832
1.28183
1.19068
1.0783
0.950365
0.81517
0.683422
0.566963
0.476361
0.418331
0.394076
0.399412
0.426507
0.466156
0.509725
0.550343
0.583335
0.606167
0.618129
0.619916
0.613255
0.600519
0.584377
0.567539
0.552462
0.541265
0.535731
0.537292
0.546956
0.565142
0.591449
0.62443
0.661611
0.699835
0.735805
0.766688
0.790459
0.806124
0.813751
0.814418
0.809919
0.802364
0.793852
0.785957
0.77952
0.774618
0.770781
0.76729
0.763509
0.758975
0.753431
0.746776
0.739081
0.730606
0.721787
0.713358
0.706295
0.701715
0.700572
0.70341
0.709976
0.719241
0.729741
0.74009
0.749464
0.757688
0.764987
0.771597
0.777394
0.781987
0.784867
0.785752
0.784635
0.781805
0.777623
0.772421
0.76628
0.759067
0.750696
0.741508
0.732379
0.724593
0.719411
0.717294
0.717514
0.718429
0.718081
0.714871
0.707937
0.697293
0.68383
0.66915
0.655226
0.643915
0.63658
0.63396
0.636147
0.642724
0.652904
0.665509
0.679003
0.691489
0.701005
0.705853
0.704935
0.698048
0.68596
0.670323
0.653465
0.638056
0.626833
0.622127
0.625415
0.637194
0.656819
0.682717
0.712615
0.743915
0.773991
0.800502
0.821673
0.836422
0.84447
0.846325
0.843124
0.836417
0.827943
0.819147
0.810797
0.802779
0.79429
0.784457
0.772919
0.760102
0.746951
0.734341
0.722645
0.711848
0.701885
0.692788
0.684634
0.677431
0.671164
0.665828
0.661752
0.659566
0.660076
0.663883
0.671108
0.681281
0.693542
0.706919
0.720577
0.733873
0.746216
0.756967
0.765208
0.769756
0.769412
0.763383
0.751879
0.736455
0.719823
0.705108
0.69457
0.688601
0.685838
0.684452
0.683454
0.683106
0.684415
0.688347
0.69515
0.704212
0.714394
0.724593
0.733957
0.741938
0.748097
0.752102
0.753858
0.753625
0.752015
0.750024
0.748709
0.748892
0.750833
0.754168
0.757984
0.761208
0.762984
0.762885
0.761018
0.75779
0.753523
0.748462
0.742895
0.737288
0.732208
0.728226
0.725647
0.72454
0.724682
0.725578
0.726563
0.727075
0.726799
0.725777
0.72429
0.722809
0.721981
0.722282
0.723865
0.726582
0.729917
0.733201
0.735883
0.737727
0.738829
0.739603
0.740427
0.741209
0.741275
0.739516
0.734981
0.727414
0.717377
0.706337
0.69625
0.68899
0.685801
0.68695
0.691673
0.69842
0.705335
0.710593
0.712887
0.711523
0.706499
0.69841
0.688328
0.677712
0.668266
0.661891
0.660333
0.664782
0.675473
0.691479
0.710967
0.731642
0.751326
0.768362
0.781733
0.790943
0.795987
0.797175
0.794947
0.789845
0.782532
0.773656
0.763946
0.754034
0.744482
0.735541
0.727218
0.71943
0.712265
0.706286
0.702642
0.702688
0.707363
0.716439
0.728263
0.74014
0.749264
0.753668
0.752831
0.74779
0.740719
0.73412
0.729847
0.728664
0.730027
0.732568
0.734748
0.735432
0.734252
0.731622
0.728374
0.725317
0.722784
0.720548
0.718094
0.715068
0.71164
0.708602
0.707148
0.708334
0.712454
0.71861
0.725078
0.730054
0.732202
0.730948
0.726469
0.719509
0.711025
0.701925
0.692901
0.684457
0.677017
0.671038
0.666999
0.665377
0.66664
0.67106
0.678522
0.688568
0.700527
0.713636
0.727118
0.74004
0.751338
0.759775
0.764201
0.76399
0.759414
0.751813
0.743124
0.735207
0.729316
0.725875
0.724813
0.72582
0.728484
0.732385
0.737099
0.742172
0.747056
0.751128
0.753616
0.753672
0.750489
0.743708
0.733586
0.721138
0.707986
0.695966
0.686671
0.681112
0.679499
0.681288
0.685339
0.690234
0.694638
0.697779
0.699658
0.70075
0.701621
0.70257
0.703636
0.704917
0.706832
0.710058
0.715152
0.722236
0.730755
0.739532
0.747175
0.752542
0.754977
0.75433
0.7508
0.744742
0.73674
0.727965
0.720382
0.716182
0.716525
0.720844
0.727365
0.734314
0.740695
0.746274
0.751313
0.756208
0.761319
0.76662
0.771568
0.775287
0.776826
0.775543
0.771169
0.763564
0.75273
0.738901
0.722782
0.705766
0.689794
0.676902
0.668696
0.665937
0.668622
0.676201
0.687646
0.701694
0.716707
0.730745
0.741936
0.749043
0.751863
0.751191
0.748235
0.74388
0.738475
0.732092
0.724989
0.717659
0.710774
0.705001
0.70088
0.698801
0.699034
0.701613
0.7062
0.712073
0.718234
0.72361
0.727301
0.728873
0.728299
0.725955
0.722522
0.718699
0.714875
0.711225
0.707687
0.704196
0.700791
0.697691
0.695195
0.693563
0.692991
0.693512
0.695052
0.697531
0.700864
0.70502
0.710025
0.715946
0.722783
0.73037
0.738155
0.745203
0.75027
0.752104
0.749638
0.742352
0.730549
0.715363
0.698806
0.683385
0.671677
0.665822
0.667083
0.675485
0.689842
0.708117
0.727914
0.747123
0.76436
0.779124
0.791519
0.801732
0.809693
0.815015
0.817109
0.815623
0.810596
0.802363
0.791447
0.778519
0.764238
0.749287
0.734268
0.719808
0.706446
0.694629
0.684884
0.677944
0.674865
0.676775
0.684152
0.696197
0.710568
0.724058
0.733625
0.737335
0.734705
0.726594
0.714739
0.701385
0.688886
0.679343
0.674433
0.675279
0.682131
0.694184
0.709524
0.725485
0.739166
0.748025
0.750519
0.746496
0.737613
0.727079
0.718572
0.714467
0.714798
0.718138
0.723038
0.728619
0.734487
0.740259
0.745421
0.749413
0.751921
0.752632
0.751147
0.746878
0.739467
0.729437
0.718446
0.709128
0.704063
0.704871
0.711574
0.722604
0.735396
0.74725
0.755848
0.75969
0.758099
0.751204
0.739953
0.726093
0.712062
0.700605
0.694157
0.694053
0.699999
0.710304
0.722707
0.735099
0.746027
0.754705
0.760962
0.765055
0.76756
0.76911
0.770138
0.770672
0.770394
0.768858
0.765696
0.760719
0.75387
0.745121
0.734364
0.721638
0.707458
0.693179
0.680965
0.673242
0.671619
0.676074
0.684913
0.695418
0.704799
0.710756
0.71183
0.707495
0.69831
0.686013
0.67332
0.663336
0.658609
0.660475
0.668848
0.682656
0.700486
0.720906
0.742486
0.763725
0.783
0.798661
0.809357
0.814271
0.813302
0.807199
0.797317
0.78528
0.772616
0.760536
0.749787
0.740697
0.732972
0.725876
0.718412
0.70964
0.69915
0.687268
0.675084
0.664196
0.656232
0.652361
0.653054
0.658144
0.667062
0.679253
0.694151
0.711067
0.72893
0.746079
0.760539
0.770318
0.773881
0.770467
0.760319
0.744719
0.725692
0.705653
0.687047
0.671978
0.662005
0.65795
0.659884
0.667257
0.678961
0.693728
0.710379
0.727877
0.745353
0.762021
0.776992
0.789349
0.7983
0.803378
0.804625
0.802601
0.798273
0.79273
0.786986
0.781689
0.776787
0.771488
0.764556
0.754706
0.741057
0.723484
0.702767
0.680601
0.659456
0.642086
0.630833
0.626905
0.630056
0.638848
0.651293
0.665491
0.67997
0.693904
0.707117
0.719887
0.732589
0.745344
0.757661
0.768455
0.776407
0.780439
0.780183
0.776053
0.76913
0.760882
0.752651
0.745501
0.740211
0.737351
0.73726
0.740119
0.745774
0.753411
0.761476
0.767913
0.77083
0.769093
0.762437
0.751576
0.738052
0.723893
0.711225
0.701724
0.696385
0.695406
0.69827
0.703944
0.711104
0.718337
0.724424
0.728386
0.72952
0.727426
0.721962
0.713372
0.702448
0.690728
0.680508
0.674076
0.672745
0.676475
0.684285
0.694801
0.706499
0.717809
0.727361
0.734278
0.738213
0.739284
0.737938
0.734788
0.73061
0.726143
0.722004
0.718761
0.716921
0.716959
0.719076
0.723067
0.728235
0.733454
0.737508
0.739444
0.738851
0.735942
0.731478
0.726609
0.72257
0.72037
0.720644
0.723504
0.728464
0.734552
0.740418
0.744626
0.746072
0.744204
0.739128
0.73148
0.722165
0.712263
0.703106
0.696385
0.693998
0.697536
0.707711
0.723999
0.74464
0.766965
0.788022
0.805126
0.816029
0.819111
0.813423
0.798883
0.776493
0.748317
0.717186
0.686319
0.658701
0.63691
0.623052
0.618454
0.623315
0.636469
0.655608
0.67788
0.700378
0.720528
0.736362
0.746682
0.751132
0.75022
0.74507
0.737321
0.728981
0.722135
0.71856
0.719165
0.7238
0.731516
0.741096
0.751592
0.762323
0.772953
0.78325
0.792908
0.801354
0.807688
0.810873
0.809957
0.804365
0.794169
0.78002
0.763019
0.744582
0.726197
0.709326
0.695101
0.683933
0.675539
0.669357
0.665156
0.663387
0.665007
0.670902
0.681179
0.694795
0.709695
0.723358
0.733551
0.73893
0.739339
0.735524
0.728694
0.720027
0.71043
0.700475
0.690652
0.681522
0.673796
0.668349
0.666095
0.667712
0.673334
0.68249
0.694169
0.706982
0.719542
0.730874
0.740542
0.748647
0.755441
0.761039
0.76528
0.767781
0.768258
0.766749
0.763673
0.759905
0.756358
0.75362
0.751633
0.749625
0.746332
0.740561
0.731702
0.720026
0.706761
0.693812
0.683223
0.676543
0.674445
0.676837
0.683185
0.692973
0.705724
0.720986
0.738079
0.755859
0.772659
0.78644
0.79527
0.797804
0.793863
0.784634
0.77243
0.759933
0.749319
0.741695
0.737279
0.735879
0.737266
0.741282
0.747662
0.755611
0.763614
0.769836
0.772644
0.770993
0.7646
0.753719
0.738943
0.721351
0.702574
0.68474
0.670044
0.660241
0.656192
0.657837
0.664457
0.674954
0.688092
0.702617
0.717248
0.730773
0.742053
0.749957
0.753363
0.751565
0.74464
0.733542
0.719974
0.706073
0.69393
0.685081
0.68047
0.680563
0.685372
0.6945
0.706993
0.721395
0.735926
0.748942
0.759172
0.766016
0.769636
0.770797
0.770388
0.768988
0.766781
0.763784
0.760053
0.755804
0.751261
0.746552
0.741526
0.735993
0.729811
0.723116
0.716353
0.710158
0.705177
0.701856
0.700296
0.700196
0.700862
0.701302
0.700468
0.69765
0.692725
0.686318
0.679601
0.67387
0.670045
0.668387
0.668565
0.670113
0.672711
0.676278
0.680861
0.68635
0.69239
0.698389
0.703683
0.707837
0.710924
0.713695
0.717351
0.723003
0.731253
0.741911
0.754002
0.766104
0.776677
0.784386
0.788224
0.787569
0.782217
0.772517
0.759366
0.744363
0.72963
0.717534
0.710191
0.708957
0.714156
0.724856
0.738979
0.753695
1.49309
1.80519
2.20228
2.54977
2.78299
2.90351
2.94112
2.92333
2.86546
2.77245
2.6553
2.55183
2.51017
2.54753
2.64536
2.77036
2.88732
2.97382
3.03182
3.07559
3.11176
3.13717
3.14651
3.13486
3.10274
3.06651
3.04941
3.05603
3.07226
3.0805
3.07367
3.06313
3.06853
3.09928
3.13497
3.13835
3.0879
2.99919
2.92765
2.92999
2.99966
3.08356
3.14326
3.16337
3.14192
3.09289
3.03836
2.99158
2.95214
2.90973
2.85493
2.79667
2.75799
2.75206
2.77219
2.7982
2.80763
2.80225
2.80792
2.82682
2.82667
2.79331
2.7463
2.71792
2.74294
2.83294
2.96196
3.09011
3.17776
3.20274
3.18111
3.15243
3.13226
3.11313
3.09561
3.07901
3.05934
3.04005
3.02765
3.02181
3.01332
2.9932
2.95959
2.91506
2.86685
2.82777
2.81
2.81646
2.83572
2.85027
2.85303
2.85489
2.86712
2.87968
2.88177
2.88449
2.90778
2.95509
3.00608
3.04134
3.06634
3.09987
3.14396
3.17295
3.1612
3.11977
3.08587
3.0755
3.07804
3.08976
3.1196
3.16846
3.20232
3.17692
3.08484
2.95399
2.82637
2.74463
2.7285
2.76054
2.81834
2.88992
2.97002
3.05306
3.11965
3.14902
3.13919
3.10417
3.06465
3.0343
3.00886
2.97517
2.93231
2.90681
2.93806
3.02886
3.1408
3.23471
3.2874
3.28975
3.24597
3.18749
3.15772
3.15117
3.14295
3.12858
3.10088
3.05692
3.01867
3.01249
3.03461
3.05386
3.04198
3.00022
2.95763
2.94444
2.96804
3.0115
3.0539
3.08268
3.09212
3.08231
3.06405
3.06345
3.10436
3.16544
3.19243
3.16225
3.09829
3.04225
3.02588
3.0522
3.08537
3.07624
3.01188
2.92375
2.84634
2.78522
2.73753
2.7235
2.76209
2.83204
2.89705
2.93487
2.93977
2.93143
2.93209
2.93121
2.92388
2.93803
2.99096
3.07018
3.14819
3.19468
3.2021
3.18349
3.1512
3.11206
3.07659
3.05628
3.04778
3.03314
2.99967
2.95873
2.94913
3.00636
3.11765
3.22613
3.28189
3.29131
3.3066
3.33261
3.33097
3.28413
3.18888
3.05749
2.92677
2.83369
2.78664
2.77717
2.80295
2.86581
2.95382
3.03867
3.09336
3.10432
3.07764
3.04785
3.05791
3.1018
3.13501
3.13981
3.1196
3.0728
3.01313
2.9825
3.01492
3.08262
3.12015
3.10163
3.05478
3.02638
3.04716
3.10694
3.16413
3.18148
3.14858
3.07873
3.00088
2.95183
2.95929
3.01541
3.07925
3.11233
3.10682
3.08614
3.08033
3.10387
3.15542
3.22243
3.27758
3.29216
3.26016
3.20107
3.14851
3.12907
3.13522
3.12513
3.05281
2.91027
2.7619
2.68716
2.68975
2.74123
2.80901
2.8527
2.8435
2.78925
2.73957
2.75201
2.83705
2.94991
3.04296
3.1057
3.15608
3.20208
3.22415
3.19911
3.12984
3.05185
3.01034
3.02809
3.09701
3.18828
3.26548
3.30156
3.28488
3.21525
3.1035
2.97155
2.84207
2.73176
2.65818
2.63065
2.63416
2.64373
2.64728
2.65607
2.68831
2.74142
2.80233
2.86378
2.92202
2.98221
3.05347
3.12828
3.17992
3.19466
3.19444
3.20598
3.23733
3.28947
3.34729
3.37475
3.33823
3.23244
3.09317
2.98922
2.97493
3.03343
3.10112
3.14289
3.16585
3.18141
3.18695
3.17786
3.15118
3.10667
3.05364
3.00186
2.95264
2.90871
2.89015
2.9237
3.00537
3.09397
3.14756
3.15611
3.14048
3.1296
3.13841
3.16122
3.18526
3.20236
3.20457
3.18437
3.13863
3.07208
3.00248
2.94877
2.9211
2.92971
2.96865
3.0058
3.03308
3.05536
3.05964
3.03198
2.97049
2.89243
2.84687
2.88533
2.97815
3.05048
3.08093
3.10195
3.13671
3.1663
3.16089
3.11684
3.05717
3.00233
2.95507
2.91114
2.86615
2.81485
2.76345
2.72925
2.71474
2.71344
2.71702
2.71857
2.72303
2.72857
2.72364
2.70876
2.70032
2.71766
2.77165
2.85499
2.94414
3.01259
3.04982
3.06838
3.08277
3.09199
3.09113
3.07805
3.04603
2.98869
2.91673
2.86165
2.85068
2.8691
2.87192
2.83769
2.78722
2.75368
2.75451
2.79641
2.87599
2.9676
3.03625
3.06335
3.05253
3.02225
2.9972
2.99526
3.01827
3.05562
3.09087
3.11168
3.11151
3.08515
3.03624
2.97994
2.93164
2.90621
2.9223
2.9882
3.08995
3.19435
3.26186
3.26864
3.21498
3.11512
2.99169
2.88585
2.84661
2.86895
2.89951
2.90515
2.88417
2.85174
2.83294
2.85368
2.91785
2.99281
3.03585
3.02693
2.97323
2.91041
2.89364
2.94968
3.04046
3.1009
3.09431
3.0301
2.96284
2.96656
3.06025
3.18726
3.2796
3.30032
3.24751
3.14348
3.0206
2.91114
2.84288
2.83365
2.88311
2.97053
3.06427
3.13699
3.17076
3.14888
3.05987
2.91731
2.76275
2.64243
2.58374
2.59387
2.66999
2.801
2.9603
3.10792
3.20835
3.24336
3.21414
3.14485
3.07624
3.04237
3.05241
3.09256
3.13961
3.17186
3.17298
3.13303
3.05612
2.97532
2.9357
2.94526
2.9745
2.98837
2.9681
2.92919
2.91382
2.94367
2.99512
3.02758
3.01189
2.94521
2.85451
2.77835
2.74234
2.75316
2.7847
2.79195
2.77503
2.78461
2.84008
2.89377
2.91215
2.91771
2.93497
2.95017
2.95206
2.94935
2.95212
2.9594
2.96099
2.95265
2.94415
2.94451
2.95533
2.97555
3.00453
3.04559
3.10258
3.1723
3.23607
3.27037
3.26656
3.2353
3.18747
3.12316
3.0527
3.00218
2.98965
3.00816
3.03707
3.05963
3.06899
3.07719
3.10799
3.15022
3.16137
3.11796
3.03327
2.95156
2.92324
2.97033
3.0706
3.16527
3.20057
3.16334
3.06635
2.93172
2.80331
2.73302
2.73341
2.77402
2.81498
2.84289
2.88095
2.95833
3.07084
3.1782
3.23867
3.23413
3.17279
3.08612
3.01798
2.99789
3.01918
3.05147
3.0732
3.08051
3.07264
3.04726
3.01675
3.01
3.02255
3.00983
2.95038
2.87204
2.81195
2.7691
2.73284
2.72327
2.76185
2.83914
2.92543
2.99813
3.05818
3.12037
3.18654
3.23659
3.25415
3.24424
3.21903
3.17924
3.12016
3.0442
2.96451
2.91102
2.90502
2.93647
2.97779
3.00072
2.99324
2.96176
2.92067
2.87685
2.83194
2.79015
2.75201
2.72659
2.74299
2.82263
2.94332
3.05572
3.12781
3.1594
3.17222
3.18584
3.19969
3.19954
3.17401
3.11904
3.04005
2.96762
2.94145
2.95586
2.98398
3.01726
3.05861
3.1144
3.1772
3.21585
3.19877
3.12441
3.02984
2.96606
2.94568
2.92828
2.87491
2.7918
2.71619
2.68259
2.70145
2.75758
2.82844
2.89627
2.95218
3.00136
3.05626
3.11735
3.16436
3.17314
3.14004
3.08512
3.03379
3.0039
3.00713
3.04337
3.09425
3.13364
3.14723
3.1428
3.14351
3.17087
3.22774
3.29117
3.32568
3.31
3.24905
3.16144
3.05951
2.94773
2.84482
2.81929
2.91062
3.03478
3.12285
3.16344
3.16167
3.12715
3.06837
2.98646
2.88105
2.76846
2.68865
2.68567
2.77641
2.92711
3.06991
3.14741
3.13813
3.05991
2.96335
2.89307
2.8484
2.81688
2.81699
2.87228
2.96654
3.05646
3.10222
3.07983
2.98618
2.84516
2.70524
2.61959
2.62196
2.70601
2.82735
2.93244
2.98825
3.00651
3.03527
3.09904
3.17342
3.22787
3.25318
3.24944
3.22046
3.17898
3.14258
3.11453
3.07693
3.01775
2.9508
2.9019
2.88143
2.87375
2.85709
2.82921
2.80585
2.79398
2.78549
2.77769
2.78189
2.80484
2.83108
2.8431
2.84486
2.84631
2.84107
2.81925
2.78761
2.76638
2.77551
2.82397
2.89124
2.93949
2.95473
2.94767
2.93337
2.93498
2.97797
3.05117
3.10378
3.09376
3.02113
2.92986
2.8737
2.8674
2.88949
2.91659
2.93688
2.94419
2.93173
2.89772
2.85915
2.84772
2.87412
2.90889
2.92323
2.92288
2.91824
2.90464
2.90641
2.94294
2.96665
2.9332
2.85626
2.79073
2.79051
2.86036
2.95023
3.00564
3.00403
2.95206
2.87812
2.82071
2.79718
2.78857
2.77454
2.77786
2.84157
2.95149
3.04429
3.0797
3.06038
3.0142
2.97132
2.9485
2.94753
2.9718
3.03098
3.10827
3.15768
3.15929
3.13803
3.12075
3.1099
3.10058
3.09801
3.10996
3.12892
3.13704
3.12939
3.11492
3.09398
3.05844
3.00969
2.96736
2.96435
3.02044
3.11209
3.1844
3.20748
3.22286
3.28025
3.34352
3.35789
3.31091
3.22716
3.14836
3.09397
3.05479
3.02175
2.99458
2.97626
2.97437
3.00062
3.06099
3.1381
3.1882
3.17481
3.09977
2.99975
2.91648
2.86593
2.8413
2.84724
2.89928
2.98036
3.051
3.09046
3.10019
3.08797
3.05483
2.99578
2.91388
2.83388
2.79909
2.83952
2.94145
3.05772
3.14164
3.16827
3.13275
3.04588
2.93809
2.85229
2.81755
2.82986
2.85864
2.87342
2.86849
2.86468
2.88598
2.93538
3.00063
3.06894
3.12337
3.14453
3.12606
3.0785
3.02203
2.97877
2.96274
2.96812
2.97469
2.97553
2.98543
3.015
3.05241
3.07901
3.08608
3.0771
3.05936
3.03362
3.00642
2.98875
2.97637
2.9511
2.902
2.84606
2.81931
2.84248
2.90709
2.99121
3.06688
3.10484
3.09544
3.06408
3.05133
3.07088
3.10036
3.1167
3.12243
3.13394
3.15707
3.18315
3.1974
3.18406
3.1376
3.0799
3.04587
3.02924
2.99304
2.92859
2.85628
2.80271
2.7794
2.77897
2.80016
2.8473
2.9055
2.94581
2.95015
2.91672
2.85834
2.80447
2.77312
2.74839
2.72767
2.73348
2.76316
2.78789
2.79528
2.79999
2.81965
2.859
2.91327
2.9761
3.035
3.06832
3.0697
3.06097
3.06034
3.06
3.04416
3.00802
2.95445
2.88873
2.83674
2.83457
2.87318
2.91522
2.94516
2.9697
2.98983
2.98871
2.95147
2.89064
2.84356
