-3.51423
-3.51366
-3.51301
-3.51103
-3.50662
-3.50032
-3.49541
-3.49054
-3.48635
-3.48418
-3.4817
-3.47944
-3.47961
-3.48145
-3.48423
-3.48795
-3.49236
-3.49649
-3.50009
-3.50252
-3.50511
-3.50564
-3.50515
-3.50531
-3.50479
-3.50391
-3.50343
-3.50209
-3.50232
-3.50212
-3.50106
-3.50054
-3.50031
-3.49973
-3.49924
-3.49895
-3.49811
-3.49782
-3.49822
-3.49825
-3.49942
-3.49974
-3.50046
-3.50188
-3.50331
-3.50326
-3.50351
-3.50381
-3.50344
-3.50281
-3.50237
-3.50111
-3.50048
-3.49951
-3.49969
-3.49856
-3.49833
-3.49809
-3.49878
-3.49904
-3.49969
-3.50073
-3.50036
-3.50024
-3.49973
-3.49923
-3.49812
-3.49719
-3.49748
-3.49776
-3.49693
-3.49647
-3.49613
-3.49575
-3.49625
-3.49667
-3.4966
-3.49554
-3.49604
-3.49683
-3.49666
-3.49468
-3.49559
-3.49475
-3.49422
-3.49504
-3.49483
-3.49489
-3.49664
-3.49655
-3.49703
-3.49638
-3.49623
-3.49598
-3.49592
-3.49487
-3.49467
-3.49384
-3.49408
-3.49314
-3.49329
-3.49258
-3.49176
-3.49226
-3.49233
-3.49282
-3.49345
-3.49401
-3.49512
-3.497
-3.49782
-3.49847
-3.49931
-3.49931
-3.49767
-3.4971
-3.49681
-3.49706
-3.49611
-3.49553
-3.49624
-3.49547
-3.49657
-3.49685
-3.49748
-3.49821
-3.4986
-3.49888
-3.49812
-3.49788
-3.49883
-3.4997
-3.49909
-3.49924
-3.49982
-3.50051
-3.49918
-3.49877
-3.49835
-3.49898
-3.49898
-3.4994
-3.50038
-3.49986
-3.4991
-3.49812
-3.4974
-3.49699
-3.4975
-3.49744
-3.49796
-3.4973
-3.49786
-3.49871
-3.49872
-3.49982
-3.49908
-3.49857
-3.49722
-3.49749
-3.49895
-3.49982
-3.50094
-3.5022
-3.50169
-3.50114
-3.5001
-3.4997
-3.49993
-3.49968
-3.50013
-3.49938
-3.49879
-3.49916
-3.49924
-3.49999
-3.5
-3.50058
-3.49946
-3.49894
-3.49621
-3.49592
-3.49626
-3.49664
-3.49665
-3.49804
-3.49889
-3.50002
-3.50014
-3.50158
-3.50115
-3.50088
-3.50118
-3.50017
-3.49887
-3.49855
-3.4987
-3.49808
-3.49751
-3.49757
-3.49699
-3.49714
-3.49782
-3.49998
-3.50068
-3.50214
-3.50292
-3.50317
-3.5034
-3.50374
-3.50533
-3.50504
-3.50462
-3.5039
-3.50216
-3.50173
-3.50105
-3.49961
-3.49947
-3.49871
-3.49856
-3.49781
-3.49717
-3.49799
-3.49724
-3.49735
-3.49696
-3.497
-3.49728
-3.4972
-3.49807
-3.49788
-3.49823
-3.49874
-3.49813
-3.49819
-3.49801
-3.49691
-3.49663
-3.49605
-3.49555
-3.49578
-3.49497
-3.49467
-3.49436
-3.49661
-3.49811
-3.49864
-3.50043
-3.50043
-3.50187
-3.501
-3.49904
-3.49899
-3.49822
-3.49734
-3.49533
-3.49514
-3.49624
-3.49633
-3.49711
-3.49708
-3.49752
-3.4976
-3.49733
-3.49759
-3.49777
-3.49829
-3.49868
-3.49889
-3.49867
-3.49842
-3.49704
-3.49606
-3.4951
-3.49442
-3.49447
-3.49419
-3.49474
-3.49481
-3.49526
-3.49616
-3.49695
-3.49731
-3.4977
-3.49719
-3.49716
-3.49569
-3.49243
-3.49182
-3.49239
-3.49439
-3.4954
-3.49764
-3.4978
-3.49922
-3.50073
-3.50026
-3.50004
-3.5
-3.49941
-3.4986
-3.4982
-3.49755
-3.49767
-3.49771
-3.49807
-3.49892
-3.49883
-3.49985
-3.50036
-3.50141
-3.5026
-3.50422
-3.50424
-3.50412
-3.50345
-3.50225
-3.50136
-3.50007
-3.49991
-3.49939
-3.50024
-3.50047
-3.50082
-3.50088
-3.50054
-3.50056
-3.5003
-3.50062
-3.50057
-3.49942
-3.49855
-3.4983
-3.49724
-3.4967
-3.4972
-3.49815
-3.49929
-3.50098
-3.50105
-3.50122
-3.50112
-3.50127
-3.50003
-3.49986
-3.49792
-3.49743
-3.49654
-3.49633
-3.49588
-3.49595
-3.4963
-3.49668
-3.49741
-3.49615
-3.49601
-3.49669
-3.49654
-3.49666
-3.49737
-3.49764
-3.49835
-3.49787
-3.49794
-3.49863
-3.49799
-3.49859
-3.49818
-3.49782
-3.49799
-3.4972
-3.49753
-3.49784
-3.49762
-3.4976
-3.49716
-3.49637
-3.49633
-3.4962
-3.49552
-3.4958
-3.49599
-3.49756
-3.49839
-3.49859
-3.49781
-3.49605
-3.49664
-3.4951
-3.49438
-3.49589
-3.49662
-3.49641
-3.49712
-3.49833
-3.4983
-3.49829
-3.49848
-3.49752
-3.49817
-3.49905
-3.4986
-3.49943
-3.49963
-3.49972
-3.49947
-3.50045
-3.50153
-3.5011
-3.50098
-3.50112
-3.50143
-3.50074
-3.49989
-3.49918
-3.49981
-3.4988
-3.49891
-3.49792
-3.4968
-3.49654
-3.49613
-3.49624
-3.49597
-3.49665
-3.49775
-3.49845
-3.4988
-3.49841
-3.49858
-3.49916
-3.49942
-3.49885
-3.49769
-3.49723
-3.49722
-3.49706
-3.49821
-3.49933
-3.49879
-3.49812
-3.49712
-3.49619
-3.49495
-3.49416
-3.4938
-3.49484
-3.49627
-3.49741
-3.4989
-3.49981
-3.50005
-3.50016
-3.49984
-3.49938
-3.49951
-3.49977
-3.50018
-3.4999
-3.49835
-3.49676
-3.49575
-3.49442
-3.49387
-3.49323
-3.49245
-3.49206
-3.49289
-3.493
-3.49337
-3.49398
-3.49525
-3.49578
-3.49685
-3.49814
-3.49879
-3.49944
-3.50155
-3.50036
-3.50029
-3.4996
-3.49795
-3.4985
-3.49852
-3.49891
-3.5001
-3.50127
-3.50176
-3.50173
-3.50195
-3.50178
-3.50083
-3.49962
-3.49936
-3.50003
-3.50106
-3.50155
-3.50142
-3.50233
-3.50276
-3.50344
-3.50322
-3.50421
-3.50376
-3.50302
-3.50269
-3.50173
-3.50072
-3.49925
-3.49914
-3.49774
-3.49824
-3.49867
-3.49952
-3.50169
-3.50299
-3.50193
-3.50257
-3.50117
-3.50104
-3.50038
-3.50009
-3.49962
-3.49955
-3.49903
-3.49929
-3.49922
-3.49748
-3.49577
-3.49376
-3.49367
-3.49407
-3.49498
-3.49476
-3.49475
-3.49573
-3.49661
-3.49735
-3.49767
-3.49866
-3.50006
-3.50019
-3.50034
-3.49924
-3.49865
-3.49906
-3.49903
-3.50007
-3.49825
-3.49715
-3.49626
-3.49497
-3.49465
-3.49441
-3.49404
-3.4931
-3.494
-3.49398
-3.4937
-3.49377
-3.49311
-3.49278
-3.4935
-3.49467
-3.4967
-3.49767
-3.49708
-3.49745
-3.4981
-3.49833
-3.49746
-3.49721
-3.49696
-3.4964
-3.49614
-3.49548
-3.49529
-3.49556
-3.49669
-3.49688
-3.49621
-3.49686
-3.49682
-3.49665
-3.49652
-3.49658
-3.497
-3.49634
-3.49699
-3.49714
-3.49754
-3.49914
-3.50051
-3.50063
-3.49996
-3.49857
-3.49853
-3.4974
-3.49614
-3.49542
-3.49542
-3.49575
-3.49549
-3.49589
-3.49507
-3.49354
-3.49406
-3.49421
-3.49352
-3.49313
-3.49286
-3.49405
-3.49339
-3.49369
-3.49402
-3.49384
-3.4942
-3.49442
-3.4951
-3.49576
-3.49701
-3.49607
-3.49548
-3.4947
-3.49387
-3.49166
-3.49094
-3.49001
-3.48989
-3.49118
-3.49246
-3.49313
-3.49354
-3.4947
-3.49568
-3.49655
-3.49749
-3.49751
-3.49758
-3.49778
-3.49853
-3.4985
-3.49923
-3.49935
-3.49881
-3.4973
-3.4964
-3.49542
-3.49522
-3.49482
-3.49521
-3.49643
-3.49851
-3.50027
-3.501
-3.50133
-3.50073
-3.50087
-3.49892
-3.49761
-3.49621
-3.49551
-3.49551
-3.49464
-3.49372
-3.49442
-3.49636
-3.49752
-3.49867
-3.49898
-3.49829
-3.50009
-3.4998
-3.50019
-3.50049
-3.50111
-3.50072
-3.49919
-3.49855
-3.49811
-3.49721
-3.49651
-3.49568
-3.49672
-3.4974
-3.49902
-3.50008
-3.501
-3.50182
-3.50284
-3.50185
-3.50226
-3.50114
-3.50018
-3.50011
-3.49988
-3.49928
-3.49968
-3.50055
-3.50127
-3.50089
-3.50138
-3.50219
-3.5015
-3.50083
-3.49945
-3.49909
-3.498
-3.4976
-3.49663
-3.49563
-3.4954
-3.49445
-3.4943
-3.4947
-3.49552
-3.49541
-3.49671
-3.4974
-3.4985
-3.49793
-3.49858
-3.4991
-3.49994
-3.50077
-3.50087
-3.50014
-3.50138
-3.5002
-3.5003
-3.50001
-3.49887
-3.50028
-3.50053
-3.50107
-3.50161
-3.50176
-3.50117
-3.4997
-3.49861
-3.49755
-3.4966
-3.49613
-3.49669
-3.49754
-3.50001
-3.50232
-3.50341
-3.50288
-3.50247
-3.5025
-3.50132
-3.50062
-3.50049
-3.49944
-3.49846
-3.4979
-3.49826
-3.49772
-3.49721
-3.49584
-3.49425
-3.49389
-3.49381
-3.49388
-3.49335
-3.49382
-3.4958
-3.49572
-3.49688
-3.49785
-3.49796
-3.49703
-3.49733
-3.49707
-3.4971
-3.49732
-3.49743
-3.49747
-3.49729
-3.49685
-3.49743
-3.49751
-3.49825
-3.49869
-3.498
-3.49686
-3.49682
-3.49639
-3.49488
-3.49434
-3.49381
-3.49477
-3.49514
-3.49653
-3.49688
-3.49709
-3.49698
-3.49655
-3.49871
-3.49918
-3.49919
-3.49907
-3.49924
-3.49894
-3.4979
-3.49781
-3.49693
-3.49677
-3.49693
-3.49915
-3.50134
-3.50239
-3.50244
-3.50262
-3.50297
-3.50249
-3.50179
-3.50164
-3.50065
-3.50015
-3.49908
-3.4982
-3.49888
-3.49904
-3.49928
-3.50033
-3.50062
-3.50097
-3.50076
-3.50045
-3.49992
-3.49986
-3.50063
-3.50034
-3.5008
-3.50104
-3.50141
-3.50111
-3.50071
-3.50004
-3.50031
-3.50014
-3.49941
-3.49861
-3.49679
-3.49571
-3.49558
-3.49608
-3.49587
-3.49693
-3.49761
-3.49676
-3.4968
-3.49771
-3.50024
-3.5015
-3.50242
-3.50149
-3.50146
-3.50057
-3.5003
-3.5006
-3.50067
-3.49948
-3.49979
-3.49996
-3.49937
-3.49954
-3.49914
-3.49885
-3.49898
-3.49995
-3.50136
-3.50318
-3.50382
-3.50415
-3.50313
-3.50224
-3.50019
-3.49877
-3.49863
-3.4975
-3.49752
-3.49857
-3.49927
-3.50002
-3.50011
-3.50171
-3.50355
-3.50468
-3.50448
-3.50403
-3.50331
-3.5021
-3.50204
-3.50163
-3.50039
-3.50077
-3.50042
-3.49854
-3.49798
-3.4978
-3.4972
-3.49616
-3.4965
-3.49694
-3.49874
-3.49912
-3.49971
-3.49996
-3.50127
-3.50116
-3.50224
-3.50172
-3.50267
-3.50207
-3.50189
-3.50169
-3.5015
-3.50195
-3.50196
-3.50192
-3.50079
-3.50035
-3.49914
-3.49825
-3.49779
-3.49841
-3.49953
-3.50087
-3.50083
-3.50059
-3.50132
-3.50072
-3.50027
-3.49948
-3.49941
-3.50035
-3.50121
-3.5015
-3.50164
-3.50292
-3.50484
-3.50577
-3.50622
-3.50834
-3.50861
-3.50674
-3.50584
-3.50476
-3.50382
-3.50156
-3.50039
-3.49996
-3.49901
-3.49924
-3.49982
-3.49919
-3.50083
-3.50191
-3.50226
-3.50235
-3.50385
-3.50471
-3.50676
-3.50701
-3.50761
-3.50707
-3.50739
-3.50643
-3.50647
-3.50664
-3.50751
-3.50698
-3.50753
-3.50661
-3.50654
-3.50643
-3.50544
-3.5045
-3.50407
-3.50272
-3.50177
-3.50126
-3.50256
-3.50421
-3.50471
-3.5049
-3.50467
-3.50371
-3.50324
-3.50309
-3.50385
-3.50434
-3.50418
-3.50363
-3.50338
-3.50231
-5.74634
-5.72508
-5.70309
-5.68861
-5.67321
-5.66501
-5.6615
-5.65845
-5.65844
-5.66137
-5.66359
-5.66907
-5.67261
-5.67416
-5.6753
-5.67463
-5.67375
-5.67235
-5.67008
-5.66718
-5.66513
-5.66469
-5.66496
-5.66468
-5.66543
-5.66684
-5.66726
-5.66856
-5.66939
-5.67098
-5.6716
-5.67208
-5.67485
-5.67458
-5.67446
-5.6742
-5.67422
-5.67207
-5.67245
-5.67261
-5.67299
-5.67206
-5.67081
-5.67179
-5.67326
-5.67285
-5.67306
-5.67187
-5.67251
-5.67372
-5.67261
-5.67212
-5.67163
-5.67279
-5.67108
-5.66914
-5.66895
-5.6686
-5.66679
-5.66736
-5.66699
-5.66942
-5.67101
-5.67269
-5.67388
-5.67273
-5.67419
-5.67473
-5.67656
-5.67447
-5.67392
-5.67558
-5.67851
-5.67758
-5.67606
-5.67459
-5.67542
-5.67398
-5.67348
-5.67267
-5.67196
-5.67207
-5.67238
-5.67316
-5.67165
-5.67382
-5.67312
-5.67278
-5.67064
-5.67233
-5.6728
-5.67184
-5.67344
-5.67339
-5.67391
-5.67361
-5.67434
-5.67536
-5.67467
-5.6748
-5.67343
-5.67342
-5.67245
-5.67154
-5.66911
-5.66885
-5.66638
-5.66636
-5.66406
-5.66571
-5.66648
-5.66667
-5.66779
-5.67035
-5.6716
-5.67299
-5.67344
-5.67512
-5.67771
-5.67797
-5.67825
-5.68089
-5.68248
-5.68053
-5.67838
-5.67612
-5.67736
-5.6769
-5.6779
-5.67799
-5.6783
-5.67816
-5.67791
-5.67573
-5.67431
-5.67337
-5.6735
-5.67137
-5.67215
-5.67163
-5.67111
-5.67029
-5.67237
-5.67315
-5.67331
-5.67257
-5.67422
-5.67176
-5.67228
-5.67148
-5.67218
-5.67176
-5.67283
-5.67217
-5.67304
-5.67414
-5.67254
-5.67304
-5.67304
-5.6719
-5.67168
-5.66868
-5.66603
-5.66837
-5.66888
-5.66959
-5.67052
-5.67246
-5.6732
-5.67423
-5.67439
-5.67214
-5.67582
-5.67621
-5.67808
-5.67719
-5.67743
-5.68017
-5.67863
-5.67736
-5.6754
-5.67605
-5.67611
-5.67533
-5.67374
-5.67522
-5.67386
-5.6767
-5.67782
-5.68136
-5.67958
-5.67542
-5.67514
-5.67491
-5.67441
-5.67395
-5.67353
-5.67252
-5.67223
-5.67398
-5.67385
-5.67245
-5.67396
-5.67605
-5.67644
-5.67446
-5.67371
-5.67261
-5.67123
-5.67054
-5.67286
-5.67301
-5.67255
-5.67403
-5.67741
-5.6768
-5.67803
-5.67533
-5.67487
-5.67447
-5.6751
-5.67641
-5.67604
-5.67488
-5.67225
-5.67179
-5.67071
-5.66947
-5.6685
-5.6701
-5.6713
-5.67357
-5.67289
-5.67396
-5.67283
-5.67172
-5.67167
-5.67148
-5.67092
-5.67267
-5.67164
-5.67113
-5.67053
-5.66989
-5.6718
-5.67491
-5.67456
-5.67577
-5.67935
-5.68131
-5.67838
-5.67841
-5.67953
-5.67666
-5.67603
-5.67413
-5.67423
-5.67441
-5.67565
-5.67537
-5.67584
-5.67545
-5.67708
-5.67717
-5.67662
-5.67605
-5.67354
-5.67205
-5.67069
-5.67244
-5.67504
-5.67445
-5.67728
-5.67943
-5.67823
-5.67633
-5.67522
-5.67448
-5.67627
-5.67586
-5.6761
-5.67525
-5.67699
-5.6763
-5.677
-5.67619
-5.67429
-5.67662
-5.67679
-5.67807
-5.67458
-5.67206
-5.67303
-5.67361
-5.67514
-5.6748
-5.67367
-5.67594
-5.67833
-5.67905
-5.67923
-5.68009
-5.67812
-5.67504
-5.67485
-5.67312
-5.67218
-5.67171
-5.67135
-5.674
-5.67412
-5.67139
-5.67068
-5.66939
-5.67011
-5.66993
-5.67137
-5.6718
-5.67214
-5.6743
-5.6783
-5.67893
-5.67877
-5.6781
-5.67757
-5.67722
-5.67555
-5.67434
-5.67565
-5.675
-5.67363
-5.6743
-5.675
-5.67501
-5.67496
-5.67647
-5.67695
-5.67541
-5.67445
-5.67373
-5.67452
-5.67227
-5.67119
-5.67098
-5.66947
-5.66936
-5.67075
-5.6695
-5.66851
-5.66773
-5.66833
-5.6731
-5.67289
-5.67408
-5.67409
-5.67329
-5.67308
-5.67487
-5.67609
-5.67674
-5.67514
-5.67516
-5.67424
-5.67439
-5.67659
-5.67592
-5.67619
-5.67632
-5.67689
-5.67791
-5.6775
-5.67672
-5.67464
-5.67327
-5.67098
-5.67174
-5.67015
-5.66857
-5.66986
-5.66924
-5.66809
-5.66858
-5.66789
-5.67101
-5.6722
-5.67442
-5.67411
-5.67674
-5.67576
-5.67532
-5.67765
-5.67693
-5.67454
-5.67212
-5.67001
-5.66921
-5.66687
-5.66533
-5.66663
-5.66664
-5.66692
-5.66836
-5.66757
-5.66836
-5.66837
-5.66983
-5.67333
-5.67364
-5.67528
-5.6757
-5.6731
-5.67412
-5.6724
-5.67473
-5.67294
-5.67215
-5.6746
-5.67582
-5.67617
-5.67629
-5.67748
-5.67646
-5.67291
-5.67359
-5.67425
-5.67418
-5.67526
-5.67457
-5.67405
-5.6744
-5.67342
-5.67441
-5.67387
-5.67345
-5.67149
-5.67183
-5.67153
-5.67251
-5.67252
-5.6706
-5.6697
-5.66949
-5.67255
-5.67272
-5.67288
-5.67367
-5.67413
-5.67717
-5.67697
-5.67807
-5.67659
-5.67802
-5.67486
-5.6758
-5.67462
-5.67519
-5.67428
-5.6739
-5.67383
-5.6729
-5.67157
-5.67059
-5.67129
-5.67301
-5.67337
-5.6748
-5.67612
-5.67719
-5.67694
-5.67795
-5.67773
-5.67607
-5.677
-5.67537
-5.67569
-5.67565
-5.67618
-5.67533
-5.67706
-5.67396
-5.67481
-5.67349
-5.67163
-5.66954
-5.66819
-5.66888
-5.66869
-5.66889
-5.67078
-5.67017
-5.67035
-5.67102
-5.67248
-5.67263
-5.67447
-5.67553
-5.67384
-5.67209
-5.67308
-5.67055
-5.66986
-5.67076
-5.67041
-5.67234
-5.67163
-5.67179
-5.67464
-5.67842
-5.67615
-5.67612
-5.67629
-5.6754
-5.6742
-5.67287
-5.67198
-5.67181
-5.67155
-5.67404
-5.67444
-5.675
-5.67661
-5.67482
-5.6765
-5.67587
-5.67452
-5.6747
-5.67482
-5.67296
-5.67492
-5.67358
-5.67344
-5.67363
-5.67334
-5.67631
-5.67582
-5.67468
-5.67626
-5.67607
-5.6775
-5.67754
-5.67719
-5.67559
-5.67577
-5.67592
-5.67518
-5.67238
-5.67088
-5.67108
-5.67265
-5.67323
-5.67485
-5.67629
-5.67709
-5.67754
-5.67772
-5.6771
-5.67641
-5.67606
-5.67708
-5.67559
-5.67517
-5.67381
-5.67339
-5.67291
-5.67269
-5.67308
-5.67183
-5.67251
-5.67287
-5.67256
-5.66906
-5.6686
-5.67004
-5.66991
-5.6701
-5.66977
-5.6709
-5.6707
-5.67201
-5.67099
-5.67001
-5.66889
-5.66939
-5.6678
-5.66656
-5.66838
-5.66837
-5.6693
-5.67194
-5.67414
-5.67451
-5.67468
-5.6756
-5.67695
-5.67741
-5.67666
-5.67502
-5.67582
-5.67654
-5.67537
-5.67827
-5.67621
-5.67408
-5.67474
-5.6736
-5.67352
-5.67441
-5.67521
-5.67425
-5.67412
-5.67354
-5.67297
-5.67478
-5.67356
-5.67454
-5.6738
-5.67447
-5.67288
-5.67415
-5.67241
-5.67383
-5.67386
-5.67182
-5.67216
-5.67158
-5.67165
-5.67275
-5.674
-5.67198
-5.67202
-5.67297
-5.67265
-5.674
-5.67245
-5.67021
-5.67301
-5.6723
-5.66961
-5.67131
-5.66927
-5.66865
-5.67015
-5.67117
-5.67272
-5.6735
-5.67382
-5.6753
-5.67474
-5.67674
-5.6762
-5.6748
-5.67746
-5.67737
-5.67805
-5.67813
-5.6775
-5.6767
-5.6744
-5.67484
-5.67165
-5.6724
-5.67204
-5.67136
-5.67206
-5.67284
-5.6739
-5.67404
-5.67436
-5.67537
-5.67608
-5.67556
-5.67552
-5.67638
-5.67758
-5.6769
-5.67594
-5.67754
-5.67546
-5.67674
-5.67589
-5.67428
-5.67463
-5.67412
-5.67414
-5.67471
-5.67157
-5.67213
-5.67149
-5.66994
-5.67167
-5.67211
-5.67022
-5.67041
-5.66934
-5.67022
-5.67411
-5.67466
-5.67363
-5.67344
-5.67222
-5.6736
-5.67365
-5.6739
-5.67262
-5.67325
-5.67213
-5.67342
-5.67482
-5.67634
-5.67511
-5.67441
-5.67135
-5.67085
-5.66971
-5.66993
-5.67098
-5.67233
-5.67243
-5.67347
-5.67329
-5.67398
-5.67513
-5.67413
-5.6745
-5.67302
-5.67267
-5.67451
-5.67373
-5.67398
-5.67496
-5.6754
-5.67757
-5.67596
-5.67541
-5.67526
-5.67519
-5.67777
-5.6771
-5.67798
-5.67711
-5.67507
-5.67384
-5.67315
-5.6718
-5.67248
-5.67362
-5.67302
-5.67129
-5.67163
-5.67267
-5.67239
-5.67458
-5.67464
-5.67352
-5.67381
-5.67463
-5.67251
-5.6711
-5.67305
-5.67094
-5.6716
-5.67119
-5.67171
-5.67218
-5.67478
-5.67447
-5.67526
-5.67474
-5.67508
-5.67531
-5.67484
-5.67279
-5.67185
-5.66953
-5.66923
-5.67046
-5.67046
-5.66769
-5.66734
-5.66675
-5.66716
-5.66816
-5.6683
-5.66901
-5.67138
-5.6727
-5.67002
-5.67145
-5.66962
-5.6695
-5.6696
-5.66874
-5.66704
-5.66718
-5.66727
-5.6693
-5.66936
-5.67092
-5.67156
-5.67404
-5.67537
-5.67557
-5.67402
-5.67532
-5.67529
-5.67554
-5.67864
-5.67613
-5.67605
-5.67387
-5.67255
-5.67378
-5.67475
-5.6736
-5.67134
-5.67027
-5.67105
-5.673
-5.67216
-5.67487
-5.67168
-5.67327
-5.67424
-5.67467
-5.67397
-5.67465
-5.67428
-5.67625
-5.67915
-5.67941
-5.67843
-5.67605
-5.67503
-5.67448
-5.67413
-5.67329
-5.67482
-5.67481
-5.6739
-5.67179
-5.67336
-5.67281
-5.67368
-5.67493
-5.67389
-5.6737
-5.673
-5.67273
-5.67325
-5.67139
-5.6692
-5.67287
-5.67399
-5.67218
-5.67454
-5.67619
-5.67394
-5.67398
-5.67285
-5.67347
-5.67291
-5.67532
-5.67376
-5.67237
-5.67304
-5.67227
-5.67181
-5.67049
-5.6691
-5.67062
-5.67176
-5.67146
-5.67183
-5.67408
-5.67431
-5.67446
-5.67584
-5.67746
-5.6809
-5.68088
-5.68024
-5.6793
-5.67843
-5.67679
-5.67459
-5.67299
-5.67147
-5.6713
-5.67073
-5.67154
-5.67201
-5.67471
-5.67317
-5.6742
-5.67321
-5.67366
-5.67384
-5.67279
-5.67314
-5.67178
-5.67271
-5.67142
-5.67091
-5.67061
-5.66898
-5.66736
-5.66832
-5.67076
-5.67164
-5.67536
-5.67635
-5.67715
-5.67939
-5.67917
-5.67811
-5.67688
-5.67645
-5.67617
-5.67704
-5.67495
-5.67424
-5.67309
-5.67191
-5.67269
-5.67407
-5.67368
-5.67469
-5.67541
-5.67545
-5.67765
-5.67805
-5.67819
-5.67548
-5.67643
-5.67368
-5.67123
-5.67144
-5.67374
-5.67583
-5.67344
-5.67558
-5.6732
-5.67181
-5.67272
-5.67366
-5.67428
-5.67518
-5.67639
-5.67467
-5.67398
-5.6724
-5.67189
-5.67082
-5.67336
-5.67555
-5.67798
-5.67641
-5.6766
-5.67278
-5.6731
-5.67412
-5.67171
-5.67048
-5.67007
-5.6704
-5.67071
-5.67256
-5.67079
-5.66997
-5.67077
-5.67318
-5.67168
-5.67236
-5.67262
-5.67247
-5.67391
-5.67379
-5.67643
-5.67828
-5.68026
-5.68131
-5.68258
-5.68074
-5.68061
-5.68026
-5.67748
-5.67717
-5.67549
-5.67415
-5.67485
-5.67575
-5.67692
-5.67878
-5.67644
-5.67632
-5.67599
-5.67529
-5.67468
-5.674
-5.67319
1.84096
1.81637
1.81689
1.83194
1.85047
1.86548
1.87443
1.87761
1.88241
1.88825
1.88919
1.88188
1.87239
1.85983
1.85234
1.85286
1.85452
1.85983
1.86326
1.86389
1.86517
1.8643
1.86746
1.87312
1.87304
1.87252
1.86929
1.86565
1.86703
1.86925
1.86968
1.86928
1.86392
1.85776
1.85976
1.86354
1.87336
1.87569
1.86917
1.85571
1.85138
1.8541
1.85903
1.86581
1.87519
1.87651
1.87329
1.8696
1.86981
1.87356
1.87623
1.87492
1.87234
1.86755
1.866
1.86557
1.8685
1.86837
1.86534
1.86348
1.87045
1.87762
1.88172
1.87726
1.86727
1.85672
1.85111
1.85657
1.86685
1.87532
1.87711
1.87588
1.87426
1.87427
1.87095
1.87254
1.87325
1.86837
1.86485
1.86576
1.8677
1.8678
1.87003
1.87285
1.87471
1.87384
1.87167
1.87253
1.87437
1.87642
1.87767
1.87355
1.87331
1.87394
1.87158
1.87231
1.8686
1.86917
1.86486
1.86645
1.86576
1.86357
1.86259
1.86981
1.87838
1.8808
1.8761
1.87323
1.87267
1.86973
1.86826
1.86661
1.87205
1.88526
1.89291
1.8922
1.88969
1.88083
1.87212
1.86702
1.86464
1.86219
1.85984
1.85997
1.86287
1.86944
1.87445
1.87689
1.87703
1.87719
1.87951
1.88074
1.87907
1.87361
1.86444
1.85526
1.85727
1.86291
1.8643
1.8713
1.87781
1.87847
1.87316
1.87645
1.8786
1.8802
1.881
1.88159
1.87747
1.87269
1.87129
1.87518
1.88064
1.88412
1.88239
1.87924
1.87504
1.87361
1.87404
1.87603
1.87846
1.87919
1.88192
1.8712
1.86332
1.86641
1.87408
1.8787
1.87943
1.87577
1.86801
1.86331
1.86828
1.87506
1.88181
1.88328
1.88019
1.87542
1.87074
1.86498
1.86012
1.8586
1.86187
1.86467
1.86898
1.86556
1.86247
1.86661
1.86477
1.85859
1.85591
1.85422
1.85944
1.86391
1.86503
1.86741
1.86824
1.8663
1.86302
1.85921
1.85779
1.8634
1.86605
1.86643
1.85775
1.84501
1.83908
1.84125
1.85303
1.85771
1.85698
1.85897
1.86581
1.87305
1.87994
1.88218
1.87885
1.87402
1.87038
1.86681
1.86158
1.85647
1.85739
1.86098
1.86797
1.87174
1.87658
1.8688
1.86161
1.85828
1.85749
1.86078
1.86369
1.86731
1.86631
1.85749
1.84784
1.84905
1.85533
1.86145
1.86316
1.85836
1.85264
1.85599
1.86029
1.86879
1.87572
1.87596
1.87259
1.86737
1.85617
1.85665
1.85982
1.86729
1.873
1.87098
1.86579
1.86058
1.85511
1.85469
1.8585
1.86418
1.87106
1.8761
1.874
1.86891
1.86696
1.87517
1.89027
1.89829
1.89033
1.87819
1.86601
1.86042
1.85995
1.86429
1.87273
1.8798
1.87096
1.85845
1.84877
1.85111
1.85534
1.85738
1.8556
1.86058
1.86514
1.87512
1.87854
1.87754
1.86938
1.85921
1.85351
1.85576
1.86014
1.86567
1.8774
1.88542
1.89046
1.89115
1.8916
1.888
1.87861
1.87301
1.87113
1.87239
1.87292
1.86874
1.86452
1.86352
1.86048
1.86114
1.86182
1.85803
1.85667
1.85586
1.86358
1.86997
1.86989
1.86425
1.86104
1.85691
1.85934
1.86676
1.87707
1.88269
1.88156
1.87021
1.85807
1.85324
1.85832
1.86256
1.86637
1.86745
1.86911
1.87185
1.87407
1.87456
1.87421
1.8705
1.8666
1.86469
1.86
1.85007
1.84533
1.8502
1.85819
1.86538
1.86976
1.86825
1.86438
1.86404
1.86203
1.8614
1.86725
1.87357
1.877
1.87797
1.87699
1.87558
1.86896
1.865
1.86372
1.86688
1.86728
1.87037
1.87642
1.87911
1.88408
1.8821
1.86902
1.85762
1.85612
1.86244
1.86379
1.86163
1.85963
1.8609
1.86864
1.87028
1.87054
1.87181
1.87135
1.87245
1.87084
1.87013
1.86995
1.86762
1.86784
1.86768
1.8675
1.86527
1.86456
1.86991
1.87194
1.87169
1.86972
1.86621
1.86179
1.85449
1.85693
1.8641
1.8685
1.86913
1.87049
1.87404
1.87182
1.87307
1.87763
1.8818
1.87982
1.87505
1.86965
1.86789
1.87376
1.87713
1.87729
1.87224
1.86448
1.85813
1.85143
1.85393
1.85917
1.86526
1.87067
1.87708
1.87189
1.86885
1.86574
1.86394
1.86644
1.86854
1.8738
1.87779
1.87814
1.87531
1.8743
1.86966
1.86031
1.85407
1.85135
1.8556
1.86209
1.87137
1.88044
1.88677
1.88789
1.88105
1.87177
1.86706
1.86721
1.86971
1.87277
1.87328
1.86858
1.86013
1.85455
1.85317
1.86032
1.86979
1.87144
1.87028
1.86002
1.85107
1.85137
1.85776
1.86854
1.87052
1.8646
1.84916
1.84011
1.84346
1.85423
1.86623
1.87975
1.88488
1.88564
1.88121
1.87549
1.8632
1.85435
1.85053
1.85466
1.86105
1.86853
1.87593
1.88279
1.8879
1.88468
1.87865
1.86813
1.85723
1.84504
1.83949
1.83967
1.84338
1.85339
1.862
1.86928
1.87083
1.86485
1.85723
1.85103
1.84706
1.84403
1.84966
1.85761
1.86625
1.86957
1.86414
1.85894
1.85479
1.85617
1.86358
1.86908
1.87119
1.86602
1.85963
1.86137
1.86614
1.87438
1.8798
1.88208
1.87703
1.87055
1.86203
1.86167
1.86507
1.86924
1.86395
1.85882
1.86295
1.86744
1.86865
1.86906
1.87187
1.87183
1.87214
1.87399
1.87147
1.8711
1.87429
1.87366
1.87177
1.86927
1.8667
1.86392
1.86141
1.85702
1.85561
1.86216
1.86491
1.87009
1.87137
1.87346
1.87172
1.86906
1.86274
1.85799
1.85399
1.85498
1.85421
1.8542
1.85282
1.84838
1.8517
1.86079
1.86814
1.86966
1.86541
1.8549
1.84426
1.84119
1.84336
1.85566
1.86736
1.8755
1.88018
1.87422
1.86604
1.8566
1.85635
1.86261
1.86302
1.85869
1.84779
1.84626
1.84926
1.85749
1.86946
1.87851
1.87616
1.86828
1.85937
1.85648
1.8571
1.86025
1.86076
1.85878
1.86363
1.86456
1.86019
1.85942
1.86656
1.87357
1.87435
1.87104
1.86701
1.86342
1.85769
1.84981
1.84466
1.84404
1.84595
1.8486
1.84619
1.84758
1.85052
1.85869
1.86264
1.86259
1.8659
1.86686
1.87032
1.87069
1.86135
1.85633
1.85176
1.85477
1.86
1.86344
1.86746
1.87128
1.87195
1.87142
1.87245
1.87234
1.86968
1.85795
1.85068
1.84951
1.85545
1.86388
1.8675
1.86411
1.86156
1.86227
1.86647
1.87237
1.87998
1.87766
1.87089
1.86146
1.85854
1.85632
1.8571
1.85499
1.85378
1.85548
1.86182
1.87389
1.87867
1.87725
1.87101
1.86698
1.86899
1.87408
1.87515
1.87273
1.86451
1.85647
1.85115
1.84731
1.84653
1.84922
1.84949
1.85033
1.85064
1.85792
1.86853
1.87229
1.87464
1.86986
1.86521
1.86014
1.85531
1.85725
1.85968
1.86378
1.86802
1.86391
1.85743
1.85234
1.85752
1.86263
1.87002
1.87176
1.87541
1.87522
1.87765
1.87105
1.85558
1.84062
1.84164
1.8494
1.85626
1.86547
1.87149
1.87614
1.88078
1.88329
1.88348
1.87469
1.86101
1.84841
1.84728
1.85326
1.86773
1.87831
1.88408
1.88257
1.87602
1.87534
1.87331
1.86631
1.85501
1.85253
1.85448
1.86418
1.87848
1.88666
1.88925
1.88292
1.8693
1.85416
1.84133
1.84354
1.84662
1.85826
1.85892
1.85529
1.85121
1.85227
1.85777
1.86154
1.86738
1.87103
1.87366
1.8707
1.87225
1.87718
1.87957
1.88116
1.8766
1.87342
1.87677
1.8783
1.88336
1.87902
1.87554
1.87596
1.87613
1.87005
1.86932
1.87164
1.87235
1.8728
1.87264
1.87762
1.87876
1.87676
1.8754
1.86896
1.86256
1.86332
1.86724
1.87287
1.87536
1.87715
1.8723
1.86566
1.86517
1.8709
1.88085
1.88655
1.88543
1.87607
1.86993
1.86526
1.86573
1.8676
1.87008
1.87415
1.87463
1.86918
1.86317
1.85726
1.86073
1.86505
1.86521
1.8644
1.86643
1.8639
1.8617
1.86982
1.87611
1.87936
1.8719
1.86168
1.85409
1.85453
1.86305
1.87359
1.88093
1.88229
1.87938
1.87354
1.87269
1.86773
1.86332
1.8508
1.84856
1.85556
1.8642
1.87014
1.86955
1.87243
1.87001
1.86449
1.8604
1.85383
1.85475
1.86286
1.86803
1.87098
1.87096
1.86731
1.86726
1.86703
1.8653
1.86705
1.86801
1.86774
1.87157
1.87325
1.87444
1.87302
1.87273
1.86374
1.85624
1.85389
1.85847
1.86548
1.86027
1.85567
1.86015
1.87216
1.88337
1.88314
1.88083
1.87823
1.87826
1.87586
1.87384
1.86945
1.86476
1.85841
1.85326
1.85233
1.85784
1.87024
1.87965
1.88255
1.87497
1.87112
1.86425
1.86164
1.85566
1.85433
1.86088
1.86451
1.86666
1.86898
1.87348
1.87689
1.87472
1.8714
1.86097
1.84963
1.84288
1.84722
1.85504
1.86441
1.87587
1.8829
1.88449
1.87813
1.8709
1.86208
1.86476
1.86973
1.87144
1.86833
1.86501
1.85975
1.85518
1.85882
1.86133
1.86731
1.87046
1.87398
1.87248
1.86834
1.8648
1.86353
1.86295
1.86258
1.86178
1.86062
1.85981
1.86116
1.86473
1.8635
1.8666
1.86986
1.86803
1.86772
1.86861
1.87262
1.87591
1.87567
1.86947
1.86243
1.85689
1.85576
1.8625
1.87073
1.874
1.87639
1.86913
1.86589
1.86679
1.87019
1.8675
1.86733
1.8654
1.86544
1.86888
1.87364
1.87599
1.87834
1.87511
1.87604
1.88003
1.88139
1.87801
1.87591
1.87502
1.87371
1.86828
1.86173
1.86181
1.86772
1.87521
1.8793
1.87864
1.87654
1.87304
1.87263
1.86951
1.86244
1.8634
1.86661
1.86682
1.86553
1.86094
1.85827
1.85784
1.86018
1.86446
1.87252
1.87305
1.87052
1.86746
1.86789
1.87222
1.87669
1.88036
1.87985
1.87367
1.86647
1.86
1.86122
1.86271
1.86103
1.86244
1.86631
1.87188
1.87425
1.86885
