2.84778
2.84006
2.82631
2.80557
2.7764
2.73684
2.68444
2.61647
2.53039
2.42447
2.29877
2.15638
2.00429
1.85326
1.71585
1.60333
1.52267
1.47536
1.4581
1.46463
1.4875
1.51934
1.55378
1.58584
1.61229
1.63164
1.64404
1.65097
1.65455
1.65679
1.65885
1.66068
1.66117
1.65845
1.65041
1.6354
1.61303
1.58476
1.5538
1.5241
1.49891
1.47977
1.46665
1.45895
1.45637
1.45918
1.46762
1.48117
1.49831
1.51665
1.53347
1.54637
1.5536
1.55428
1.54859
1.53793
1.52483
1.51235
1.50291
1.49757
1.49609
1.49781
1.50212
1.50857
1.51651
1.52478
1.53183
1.53621
1.53729
1.53574
1.53354
1.53318
1.53649
1.54388
1.55425
1.56555
1.57559
1.58292
1.58739
1.58992
1.59181
1.59359
1.59466
1.59379
1.59044
1.58542
1.58042
1.57692
1.57568
1.57678
1.57988
1.58439
1.58955
1.59431
1.59754
1.59824
1.5957
1.5895
1.5796
1.56615
1.54948
1.52999
1.50811
1.4845
1.46052
1.43843
1.42112
1.41122
1.41045
1.41943
1.43755
1.46259
1.49081
1.518
1.54074
1.5569
1.56569
1.56742
1.56323
1.55503
1.54512
1.53569
1.52801
1.52208
1.51692
1.51168
1.50664
1.50331
1.50356
1.50871
1.51905
1.53401
1.55259
1.57352
1.5952
1.61574
1.63311
1.64555
1.65221
1.65368
1.65208
1.65027
1.65032
1.65216
1.65378
1.6527
1.64752
1.63869
1.62867
1.62089
1.61783
1.61961
1.62409
1.62814
1.62896
1.62471
1.61464
1.59899
1.5791
1.55796
1.54058
1.53265
1.53675
1.54954
1.56395
1.57436
1.57947
1.58166
1.58452
1.59043
1.59976
1.61148
1.62409
1.63633
1.64768
1.65857
1.66963
1.68011
1.68734
1.6879
1.67959
1.66267
1.64032
1.61815
1.60242
1.59705
1.60177
1.61284
1.62571
1.63722
1.64616
1.65237
1.65579
1.65574
1.65103
1.64045
1.62359
1.60125
1.57515
1.54721
1.51888
1.49129
1.46617
1.44609
1.43354
1.42962
1.43395
1.44572
1.46444
1.48984
1.52123
1.557
1.59471
1.63137
1.66413
1.69058
1.70917
1.71933
1.72148
1.71676
1.7067
1.69286
1.67657
1.65888
1.64072
1.62306
1.60698
1.59365
1.58417
1.57946
1.58018
1.58663
1.59855
1.61489
1.63387
1.65321
1.67052
1.68372
1.69144
1.6933
1.6897
1.68164
1.67057
1.65835
1.64744
1.64084
1.64102
1.64861
1.66193
1.67824
1.69499
1.71014
1.72178
1.72796
1.727
1.71839
1.70341
1.68487
1.66562
1.64713
1.62928
1.61134
1.59312
1.57516
1.55844
1.54393
1.53235
1.52426
1.52002
1.5196
1.52227
1.52651
1.53027
1.53134
1.52795
1.51927
1.50579
1.48939
1.47329
1.46165
1.45861
1.46701
1.48719
1.51652
1.54995
1.58147
1.60576
1.6194
1.6213
1.61268
1.59675
1.57827
1.56262
1.55423
1.55506
1.56407
1.57807
1.59354
1.60781
1.61926
1.62687
1.62978
1.62733
1.61952
1.6074
1.59298
1.57827
1.5644
1.55131
1.53892
1.52862
1.52364
1.5277
1.54239
1.56568
1.59253
1.61707
1.63456
1.64228
1.63963
1.62798
1.61041
1.5912
1.57503
1.56564
1.5646
1.57073
1.58075
1.59051
1.59612
1.59474
1.58494
1.56709
1.54341
1.51749
1.49329
1.47418
1.46236
1.45877
1.4634
1.47544
1.49338
1.51485
1.53674
1.55554
1.56807
1.5722
1.56771
1.55674
1.54378
1.5342
1.53196
1.53751
1.54776
1.55836
1.56615
1.57049
1.57282
1.57548
1.58031
1.5879
1.5975
1.60755
1.6165
1.62339
1.62796
1.63044
1.63123
1.63069
1.62926
1.6276
1.62661
1.62711
1.62937
1.63294
1.63684
1.63997
1.64148
1.64108
1.63899
1.63579
1.63211
1.62849
1.62539
1.62302
1.62131
1.61979
1.61766
1.61419
1.60897
1.60222
1.59476
1.58787
1.58285
1.58038
1.58008
1.5805
1.57995
1.57784
1.57545
1.57526
1.57912
1.5868
1.5965
1.60611
1.61414
1.61982
1.62303
1.62437
1.62506
1.62673
1.63081
1.63799
1.6479
1.65928
1.67047
1.67979
1.68576
1.68724
1.6835
1.67445
1.66063
1.64333
1.62444
1.6062
1.59068
1.57956
1.57374
1.57324
1.57717
1.5839
1.5914
1.59783
1.60195
1.60341
1.60272
1.6011
1.60008
1.60098
1.60428
1.60918
1.61348
1.61411
1.60809
1.59398
1.57307
1.54981
1.53052
1.52067
1.52243
1.53456
1.55427
1.579
1.60702
1.63703
1.66776
1.69768
1.72506
1.74829
1.76615
1.77783
1.7829
1.78107
1.77206
1.75585
1.73282
1.70406
1.67154
1.63801
1.60678
1.58092
1.56235
1.55106
1.54578
1.54542
1.54997
1.56041
1.57744
1.60025
1.62576
1.64903
1.66476
1.6693
1.66256
1.64902
1.63651
1.63207
1.63836
1.65336
1.67245
1.69036
1.70247
1.70586
1.69978
1.68542
1.66539
1.6431
1.62223
1.60613
1.59704
1.5956
1.60065
1.60966
1.61962
1.62775
1.63215
1.63195
1.62685
1.61645
1.60036
1.57911
1.55523
1.53338
1.51908
1.51658
1.52721
1.54941
1.57984
1.61441
1.64904
1.6805
1.70712
1.72887
1.74679
1.76207
1.77526
1.78577
1.79207
1.79236
1.78516
1.76988
1.74701
1.71798
1.68481
1.64968
1.61485
1.58252
1.55487
1.53379
1.52038
1.51444
1.51452
1.51853
1.52468
1.53206
1.54075
1.55156
1.56513
1.58093
1.5968
1.60955
1.61612
1.61469
1.60505
1.58865
1.56826
1.54723
1.52831
1.51245
1.49899
1.48669
1.4751
1.46516
1.45926
1.46049
1.47105
1.49084
1.51732
1.54664
1.57509
1.59969
1.61815
1.62874
1.63064
1.62449
1.61252
1.59807
1.58463
1.57467
1.56886
1.56604
1.56393
1.56026
1.55355
1.54343
1.53023
1.51445
1.49652
1.47721
1.45834
1.44325
1.43609
1.43992
1.45451
1.47611
1.49958
1.52099
1.53883
1.5537
1.56721
1.5807
1.59445
1.60766
1.61897
1.6272
1.63178
1.63287
1.63115
1.62748
1.62259
1.61688
1.61023
1.6021
1.59202
1.58008
1.56737
1.55599
1.54846
1.5469
1.55225
1.56373
1.57895
1.59442
1.60616
1.61038
1.60423
1.58644
1.55816
1.52345
1.48851
1.45945
1.4397
1.42918
1.42567
1.42699
1.43209
1.4411
1.45462
1.47299
1.49572
1.52143
1.54821
1.57413
1.59757
1.61705
1.6308
1.63662
1.63255
1.61813
1.59519
1.56812
1.54298
1.52582
1.52078
1.52911
1.54937
1.57823
1.61127
1.6437
1.67095
1.68945
1.69727
1.69444
1.68265
1.6648
1.64456
1.62603
1.61315
1.6084
1.61174
1.62039
1.63029
1.63807
1.6426
1.64515
1.64814
1.65293
1.6584
1.66124
1.65777
1.64575
1.62528
1.59873
1.57033
1.54506
1.52762
1.52103
1.52582
1.54002
1.56009
1.58198
1.60188
1.61661
1.62399
1.62311
1.61458
1.60054
1.58441
1.5702
1.56158
1.56099
1.56904
1.5846
1.60534
1.62833
1.65064
1.66957
1.68291
1.68896
1.68675
1.67611
1.65779
1.6332
1.60409
1.5724
1.54028
1.51035
1.48542
1.46797
1.45911
1.4579
1.46177
1.46762
1.47321
1.47788
1.48243
1.48858
1.49778
1.50977
1.52223
1.53222
1.53873
1.54383
1.55166
1.56569
1.58634
1.61048
1.63302
1.64888
1.65435
1.64765
1.62921
1.60183
1.57066
1.54263
1.52462
1.52118
1.53295
1.5568
1.58749
1.61965
1.64915
1.67358
1.69228
1.70598
1.71602
1.72352
1.72866
1.73063
1.72803
1.71943
1.70367
1.67993
1.64786
1.60809
1.5627
1.51548
1.47151
1.43595
1.41235
1.40127
1.40032
1.40563
1.41365
1.42223
1.43088
1.44048
1.45276
1.46969
1.49273
1.52205
1.55604
1.59166
1.62541
1.65426
1.67613
1.68993
1.69532
1.69245
1.68185
1.66444
1.64191
1.61689
1.59247
1.57101
1.55321
1.53815
1.52433
1.51095
1.4985
1.4886
1.48283
1.48184
1.48497
1.49067
1.49724
1.50319
1.50729
1.50872
1.50781
1.5066
1.50878
1.518
1.53551
1.55889
1.58355
1.6055
1.62289
1.63583
1.6452
1.65192
1.6565
1.65927
1.66054
1.66077
1.66064
1.66098
1.66253
1.6655
1.66944
1.6734
1.67629
1.67726
1.67598
1.67286
1.66902
1.66598
1.66497
1.66635
1.66966
1.67403
1.6784
1.6816
1.68237
1.67942
1.6718
1.65931
1.64273
1.62377
1.60439
1.58578
1.56775
1.54934
1.53049
1.51392
1.50497
1.50828
1.52358
1.54556
1.56817
1.58814
1.60494
1.61896
1.63018
1.63803
1.64182
1.6412
1.63616
1.62671
1.61289
1.59483
1.57319
1.54976
1.52775
1.51148
1.50469
1.50833
1.51954
1.53284
1.54265
1.5452
1.53925
1.52597
1.50842
1.49049
1.47564
1.46578
1.46166
1.46389
1.47379
1.49263
1.52049
1.55556
1.59441
1.63288
1.66701
1.69396
1.71242
1.72255
1.72531
1.72146
1.71103
1.69368
1.66948
1.63968
1.6068
1.57407
1.54445
1.51999
1.5019
1.49095
1.48731
1.49011
1.49751
1.50753
1.51878
1.53064
1.54274
1.55475
1.56635
1.57746
1.58837
1.59939
1.61036
1.62016
1.62672
1.62802
1.62315
1.6135
1.60281
1.59615
1.59747
1.60722
1.62199
1.63637
1.64531
1.64586
1.63776
1.62287
1.60395
1.58339
1.56316
1.54563
1.53422
1.53273
1.5435
1.56545
1.59385
1.62229
1.645
1.65832
1.66088
1.6532
1.63693
1.61405
1.58619
1.55442
1.51972
1.48363
1.44864
1.41782
1.39387
1.37796
1.36964
1.36772
1.37149
1.3808
1.39503
1.41218
1.42963
1.44587
1.4611
1.47624
1.49173
1.50716
1.52201
1.53619
1.55007
1.56364
1.57574
1.58396
1.58558
1.57873
1.5635
1.54243
1.52046
1.50375
1.49742
1.503
1.51777
1.53635
1.55351
1.56628
1.57494
1.58198
1.59004
1.59997
1.61034
1.61833
1.62125
2.08235
2.02247
1.92275
1.78602
1.61744
1.42555
1.22276
1.02513
0.850444
0.714541
0.627497
0.591114
0.599118
0.639761
0.699234
0.764588
0.825514
0.875002
0.909251
0.927193
0.929874
0.919883
0.900779
0.876566
0.851309
0.828693
0.811897
0.803597
0.805938
0.820433
0.847713
0.887174
0.936645
0.992417
1.04975
1.10371
1.15003
1.18569
1.20919
1.22063
1.22163
1.21488
1.20355
1.19078
1.17894
1.16928
1.16193
1.15617
1.15094
1.14526
1.13846
1.13015
1.12016
1.10862
1.09591
1.08268
1.07004
1.05944
1.05257
1.05086
1.05511
1.06496
1.07886
1.09461
1.11014
1.1242
1.13653
1.14748
1.1574
1.16609
1.17298
1.1773
1.17863
1.17695
1.17271
1.16643
1.15863
1.14942
1.1386
1.12604
1.11226
1.09857
1.08689
1.07912
1.07594
1.07627
1.07764
1.07712
1.07231
1.06191
1.04594
1.02574
1.00372
0.982839
0.965872
0.954871
0.95094
0.95422
0.964086
0.979356
0.998263
1.0185
1.03723
1.05151
1.05878
1.0574
1.04707
1.02894
1.00549
0.980197
0.957084
0.94025
0.933191
0.938122
0.95579
0.985229
1.02408
1.06892
1.11587
1.16099
1.20075
1.23251
1.25463
1.2667
1.26949
1.26469
1.25463
1.24191
1.22872
1.2162
1.20417
1.19143
1.17669
1.15938
1.14015
1.12043
1.10151
1.08397
1.06777
1.05283
1.03918
1.02695
1.01615
1.00675
0.998741
0.992628
0.989349
0.990114
0.995824
1.00666
1.02192
1.04031
1.06038
1.08086
1.10081
1.11932
1.13545
1.14781
1.15463
1.15412
1.14507
1.12782
1.10468
1.07973
1.05766
1.04186
1.0329
1.02876
1.02668
1.02518
1.02466
1.02662
1.03252
1.04272
1.05632
1.07159
1.08689
1.10093
1.11291
1.12215
1.12815
1.13079
1.13044
1.12802
1.12504
1.12306
1.12334
1.12625
1.13125
1.13698
1.14181
1.14448
1.14433
1.14153
1.13669
1.13028
1.12269
1.11434
1.10593
1.09831
1.09234
1.08847
1.08681
1.08702
1.08837
1.08984
1.09061
1.0902
1.08866
1.08643
1.08421
1.08297
1.08342
1.0858
1.08987
1.09488
1.0998
1.10382
1.10659
1.10824
1.1094
1.11064
1.11181
1.11191
1.10927
1.10247
1.09112
1.07606
1.05951
1.04437
1.03348
1.0287
1.03043
1.03751
1.04763
1.058
1.06589
1.06933
1.06728
1.05975
1.04762
1.03249
1.01657
1.0024
0.992836
0.9905
0.997172
1.01321
1.03722
1.06645
1.09746
1.12699
1.15254
1.1726
1.18641
1.19398
1.19576
1.19242
1.18477
1.1738
1.16048
1.14592
1.13105
1.11672
1.10331
1.09083
1.07915
1.0684
1.05943
1.05396
1.05403
1.06104
1.07466
1.09239
1.11021
1.1239
1.1305
1.12925
1.12168
1.11108
1.10118
1.09477
1.093
1.09504
1.09885
1.10212
1.10315
1.10138
1.09743
1.09256
1.08798
1.08418
1.08082
1.07714
1.0726
1.06746
1.0629
1.06072
1.0625
1.06868
1.07792
1.08762
1.09508
1.0983
1.09642
1.0897
1.07926
1.06654
1.05289
1.03935
1.02668
1.01553
1.00656
1.0005
0.998066
0.999961
1.00659
1.01778
1.03285
1.05079
1.07045
1.09068
1.11006
1.12701
1.13966
1.1463
1.14599
1.13912
1.12772
1.11469
1.10281
1.09397
1.08881
1.08722
1.08873
1.09273
1.09858
1.10565
1.11326
1.12058
1.12669
1.13042
1.13051
1.12573
1.11556
1.10038
1.08171
1.06198
1.04395
1.03001
1.02167
1.01925
1.02193
1.02801
1.03535
1.04196
1.04667
1.04949
1.05113
1.05243
1.05385
1.05545
1.05738
1.06025
1.06509
1.07273
1.08335
1.09613
1.1093
1.12076
1.12881
1.13246
1.1315
1.1262
1.11711
1.10511
1.09195
1.08057
1.07427
1.07479
1.08127
1.09105
1.10147
1.11104
1.11941
1.12697
1.13431
1.14198
1.14993
1.15735
1.16293
1.16524
1.16331
1.15675
1.14535
1.1291
1.10835
1.08417
1.05865
1.03469
1.01535
1.00304
0.998906
1.00293
1.0143
1.03147
1.05254
1.07506
1.09612
1.1129
1.12356
1.12779
1.12679
1.12235
1.11582
1.10771
1.09814
1.08748
1.07649
1.06616
1.0575
1.05132
1.0482
1.04855
1.05242
1.0593
1.06811
1.07735
1.08541
1.09095
1.09331
1.09245
1.08893
1.08378
1.07805
1.07231
1.06684
1.06153
1.05629
1.05119
1.04654
1.04279
1.04034
1.03949
1.04027
1.04258
1.0463
1.0513
1.05753
1.06504
1.07392
1.08417
1.09555
1.10723
1.1178
1.12541
1.12816
1.12446
1.11353
1.09582
1.07304
1.04821
1.02508
1.00752
0.998733
1.00062
1.01323
1.03476
1.06218
1.09187
1.12068
1.14654
1.16869
1.18728
1.2026
1.21454
1.22252
1.22566
1.22343
1.21589
1.20354
1.18717
1.16778
1.14636
1.12393
1.1014
1.07971
1.05967
1.04194
1.02733
1.01692
1.0123
1.01516
1.02623
1.0443
1.06585
1.08609
1.10044
1.106
1.10206
1.08989
1.07211
1.05208
1.03333
1.01901
1.01165
1.01292
1.0232
1.04128
1.06429
1.08823
1.10875
1.12204
1.12578
1.11974
1.10642
1.09062
1.07786
1.0717
1.0722
1.07721
1.08456
1.09293
1.10173
1.11039
1.11813
1.12412
1.12788
1.12895
1.12672
1.12032
1.1092
1.09416
1.07767
1.06369
1.0561
1.05731
1.06736
1.08391
1.10309
1.12087
1.13377
1.13953
1.13715
1.12681
1.10993
1.08914
1.06809
1.05091
1.04124
1.04108
1.05
1.06546
1.08406
1.10265
1.11904
1.13206
1.14144
1.14758
1.15134
1.15366
1.15521
1.15601
1.15559
1.15329
1.14854
1.14108
1.13081
1.11768
1.10155
1.08246
1.06119
1.03977
1.02145
1.00986
1.00743
1.01411
1.02737
1.04313
1.0572
1.06613
1.06774
1.06124
1.04747
1.02902
1.00998
0.995004
0.987913
0.990712
1.00327
1.02398
1.05073
1.08136
1.11373
1.14559
1.1745
1.19799
1.21404
1.22141
1.21995
1.2108
1.19598
1.17792
1.15892
1.1408
1.12468
1.11105
1.09946
1.08881
1.07762
1.06446
1.04873
1.0309
1.01263
0.996295
0.984348
0.978541
0.97958
0.987216
1.00059
1.01888
1.04123
1.0666
1.09339
1.11912
1.14081
1.15548
1.16082
1.1557
1.14048
1.11708
1.08854
1.05848
1.03057
1.00797
0.993007
0.986925
0.989826
1.00089
1.01844
1.04059
1.06557
1.09182
1.11803
1.14303
1.16549
1.18402
1.19745
1.20507
1.20694
1.2039
1.19741
1.1891
1.18048
1.17253
1.16518
1.15723
1.14683
1.13206
1.11159
1.08523
1.05415
1.0209
0.989184
0.963129
0.946249
0.940358
0.945085
0.958272
0.97694
0.998237
1.01995
1.04086
1.06068
1.07983
1.09888
1.11802
1.13649
1.15268
1.16461
1.17066
1.17027
1.16408
1.1537
1.14132
1.12898
1.11825
1.11032
1.10603
1.10589
1.11018
1.11866
1.13012
1.14221
1.15187
1.15625
1.15364
1.14366
1.12736
1.10708
1.08584
1.06684
1.05259
1.04458
1.04311
1.04741
1.05592
1.06666
1.07751
1.08664
1.09258
1.09428
1.09114
1.08294
1.07006
1.05367
1.03609
1.02076
1.01111
1.00912
1.01471
1.02643
1.0422
1.05975
1.07671
1.09104
1.10142
1.10732
1.10893
1.10691
1.10218
1.09591
1.08921
1.08301
1.07814
1.07538
1.07544
1.07861
1.0846
1.09235
1.10018
1.10626
1.10917
1.10828
1.10391
1.09722
1.08991
1.08386
1.08055
1.08097
1.08526
1.0927
1.10183
1.11063
1.11694
1.11911
1.11631
1.10869
1.09722
1.08325
1.06839
1.05466
1.04458
1.041
1.0463
1.06157
1.086
1.11696
1.15045
1.18203
1.20769
1.22404
1.22867
1.22013
1.19832
1.16474
1.12248
1.07578
1.02948
0.988051
0.955365
0.934578
0.927681
0.934973
0.954703
0.983412
1.01682
1.05057
1.08079
1.10454
1.12002
1.1267
1.12533
1.11761
1.10598
1.09347
1.0832
1.07784
1.07875
1.0857
1.09727
1.11164
1.12739
1.14348
1.15943
1.17488
1.18936
1.20203
1.21153
1.21631
1.21493
1.20655
1.19125
1.17003
1.14453
1.11687
1.0893
1.06399
1.04265
1.0259
1.01331
1.00404
0.997734
0.995081
0.99751
1.00635
1.02177
1.04219
1.06454
1.08504
1.10033
1.10839
1.10901
1.10329
1.09304
1.08004
1.06565
1.05071
1.03598
1.02228
1.01069
1.00252
0.999143
1.00157
1.01
1.02373
1.04125
1.06047
1.07931
1.09631
1.11081
1.12297
1.13316
1.14156
1.14792
1.15167
1.15239
1.15012
1.14551
1.13986
1.13454
1.13043
1.12745
1.12444
1.1195
1.11084
1.09755
1.08004
1.06014
1.04072
1.02483
1.01481
1.01167
1.01526
1.02478
1.03946
1.05859
1.08148
1.10712
1.13379
1.15899
1.17966
1.19291
1.19671
1.19079
1.17695
1.15865
1.1399
1.12398
1.11254
1.10592
1.10382
1.1059
1.11192
1.12149
1.13342
1.14542
1.15475
1.15897
1.15649
1.1469
1.13058
1.10841
1.08203
1.05386
1.02711
1.00507
0.990361
0.984287
0.986756
0.996685
1.01243
1.03214
1.05393
1.07587
1.09616
1.11308
1.12493
1.13005
1.12735
1.11696
1.10031
1.07996
1.05911
1.04089
1.02762
1.0207
1.02084
1.02806
1.04175
1.06049
1.08209
1.10389
1.12341
1.13876
1.14902
1.15445
1.1562
1.15558
1.15348
1.15017
1.14568
1.14008
1.13371
1.12689
1.11983
1.11229
1.10399
1.09472
1.08467
1.07453
1.06524
1.05777
1.05278
1.05044
1.05029
1.05129
1.05195
1.0507
1.04648
1.03909
1.02948
1.0194
1.01081
1.00507
1.00258
1.00285
1.00517
1.00907
1.01442
1.02129
1.02953
1.03859
1.04758
1.05552
1.06175
1.06639
1.07054
1.07603
1.0845
1.09688
1.11287
1.131
1.14916
1.16501
1.17658
1.18234
1.18135
1.17333
1.15878
1.13905
1.11654
1.09444
1.0763
1.06529
1.06344
1.07123
1.08728
1.10847
1.13054
2.23963
2.70779
3.30342
3.82465
4.17448
4.35526
4.41167
4.38499
4.2982
4.15868
3.98295
3.82774
3.76525
3.82129
3.96804
4.15555
4.33099
4.46073
4.54773
4.61338
4.66765
4.70575
4.71976
4.7023
4.65412
4.59977
4.57412
4.58405
4.6084
4.62075
4.61051
4.59469
4.6028
4.64893
4.70246
4.70753
4.63185
4.49878
4.39148
4.39498
4.49949
4.62533
4.71489
4.74506
4.71288
4.63933
4.55753
4.48737
4.4282
4.3646
4.2824
4.19501
4.13699
4.12809
4.15829
4.19729
4.21144
4.20337
4.21189
4.24023
4.24
4.18997
4.11946
4.07687
4.11441
4.24941
4.44294
4.63516
4.76664
4.80411
4.77167
4.72865
4.69838
4.6697
4.64342
4.61852
4.589
4.56008
4.54147
4.53271
4.51998
4.4898
4.43938
4.37259
4.30028
4.24166
4.215
4.22469
4.25358
4.27541
4.27954
4.28234
4.30068
4.31953
4.32266
4.32673
4.36167
4.43264
4.50912
4.56201
4.59951
4.64981
4.71595
4.75943
4.7418
4.67966
4.62881
4.61325
4.61706
4.63464
4.6794
4.7527
4.80348
4.76538
4.62725
4.43098
4.23955
4.11694
4.09275
4.14081
4.22751
4.33488
4.45503
4.5796
4.67948
4.72353
4.70878
4.65626
4.59698
4.55144
4.51329
4.46275
4.39847
4.36021
4.40709
4.54329
4.71119
4.85206
4.93111
4.93462
4.86895
4.78124
4.73658
4.72675
4.71443
4.69287
4.65133
4.58538
4.52801
4.51873
4.55191
4.58078
4.56297
4.50032
4.43644
4.41666
4.45205
4.51726
4.58085
4.62401
4.63817
4.62347
4.59608
4.59518
4.65654
4.74816
4.78864
4.74337
4.64744
4.56338
4.53883
4.5783
4.62805
4.61436
4.51782
4.38562
4.26951
4.17783
4.1063
4.08526
4.14314
4.24806
4.34558
4.40231
4.40965
4.39714
4.39814
4.39681
4.38581
4.40704
4.48644
4.60526
4.72228
4.79202
4.80315
4.77524
4.72681
4.66809
4.61488
4.58442
4.57168
4.54971
4.4995
4.4381
4.42369
4.50954
4.67648
4.83919
4.92284
4.93696
4.9599
4.99891
4.99645
4.92619
4.78332
4.58624
4.39015
4.25054
4.17996
4.16576
4.20442
4.29871
4.43073
4.558
4.64004
4.65648
4.61645
4.57178
4.58687
4.65269
4.70252
4.70972
4.6794
4.6092
4.5197
4.47375
4.52238
4.62394
4.68022
4.65245
4.58217
4.53958
4.57075
4.66041
4.74619
4.77222
4.72286
4.61809
4.50132
4.42775
4.43894
4.52312
4.61887
4.66849
4.66023
4.6292
4.6205
4.6558
4.73312
4.83364
4.91636
4.93824
4.89024
4.8016
4.72277
4.6936
4.70283
4.68769
4.57921
4.3654
4.14285
4.03074
4.03463
4.11185
4.21352
4.27905
4.26525
4.18387
4.10935
4.12801
4.25558
4.42486
4.56445
4.65855
4.73411
4.80312
4.83623
4.79867
4.69476
4.57778
4.51552
4.54213
4.64552
4.78242
4.89822
4.95233
4.92732
4.82287
4.65524
4.45732
4.26311
4.09764
3.98727
3.94598
3.95123
3.96559
3.97091
3.9841
4.03246
4.11213
4.2035
4.29567
4.38303
4.47332
4.58021
4.69242
4.76988
4.79199
4.79165
4.80898
4.856
4.93421
5.02093
5.06213
5.00735
4.84866
4.63976
4.48383
4.4624
4.55014
4.65168
4.71433
4.74878
4.77211
4.78043
4.76679
4.72677
4.66001
4.58046
4.50279
4.42896
4.36306
4.33522
4.38555
4.50806
4.64095
4.72135
4.73416
4.71072
4.69439
4.70762
4.74183
4.77789
4.80354
4.80686
4.77656
4.70795
4.60812
4.50371
4.42316
4.38164
4.39456
4.45298
4.5087
4.54961
4.58305
4.58946
4.54797
4.45573
4.33865
4.27031
4.32799
4.46723
4.57572
4.62139
4.65292
4.70506
4.74944
4.74133
4.67527
4.58576
4.5035
4.43261
4.36671
4.29922
4.22227
4.14518
4.09388
4.07212
4.07016
4.07553
4.07786
4.08455
4.09286
4.08546
4.06315
4.05048
4.07649
4.15747
4.28248
4.4162
4.51888
4.57473
4.60257
4.62416
4.63798
4.6367
4.61708
4.56904
4.48304
4.37509
4.29248
4.27602
4.30365
4.30788
4.25653
4.18083
4.13052
4.13177
4.19462
4.31399
4.4514
4.55437
4.59502
4.57879
4.53338
4.4958
4.49289
4.5274
4.58343
4.63631
4.66752
4.66726
4.62773
4.55436
4.4699
4.39746
4.35931
4.38345
4.4823
4.63492
4.79152
4.89279
4.90296
4.82248
4.67267
4.48753
4.32877
4.26992
4.30342
4.34927
4.35773
4.32626
4.2776
4.24941
4.28052
4.37677
4.48921
4.55378
4.5404
4.45984
4.36562
4.34046
4.42452
4.56069
4.65135
4.64146
4.54515
4.44426
4.44984
4.59037
4.78089
4.91941
4.95049
4.87127
4.71522
4.53091
4.36671
4.26432
4.25047
4.32466
4.4558
4.5964
4.70549
4.75614
4.72332
4.5898
4.37597
4.14413
3.96365
3.87561
3.8908
4.00498
4.2015
4.44045
4.66188
4.81252
4.86504
4.82121
4.71728
4.61436
4.56356
4.57862
4.63884
4.70942
4.7578
4.75947
4.69955
4.58417
4.46298
4.40355
4.41789
4.46175
4.48256
4.45215
4.39379
4.37073
4.4155
4.49269
4.54137
4.51784
4.41781
4.28177
4.16752
4.11351
4.12974
4.17705
4.18793
4.16254
4.17691
4.26012
4.34066
4.36822
4.37656
4.40246
4.42526
4.42809
4.42402
4.42818
4.4391
4.44149
4.42898
4.41623
4.41677
4.433
4.46333
4.5068
4.56839
4.65386
4.75846
4.85411
4.90556
4.89984
4.85295
4.7812
4.68474
4.57905
4.50327
4.48447
4.51223
4.55561
4.58944
4.60348
4.61578
4.66199
4.72532
4.74206
4.67693
4.5499
4.42735
4.38486
4.45549
4.6059
4.7479
4.80086
4.74501
4.59953
4.39758
4.20496
4.09953
4.10012
4.16104
4.22247
4.26434
4.32143
4.43749
4.60625
4.7673
4.858
4.8512
4.75919
4.62918
4.52697
4.49684
4.52877
4.57721
4.6098
4.62076
4.60895
4.57088
4.52512
4.51501
4.53383
4.51474
4.42558
4.30806
4.21792
4.15365
4.09926
4.08491
4.14278
4.25871
4.38815
4.4972
4.58726
4.68056
4.77981
4.85488
4.88123
4.86636
4.82854
4.76887
4.68024
4.56629
4.44677
4.36654
4.35752
4.40471
4.46669
4.50108
4.48985
4.44264
4.38101
4.31527
4.24791
4.18523
4.12802
4.08988
4.11448
4.23394
4.41498
4.58358
4.69171
4.7391
4.75833
4.77876
4.79953
4.79931
4.76101
4.67856
4.56008
4.45143
4.41217
4.43379
4.47597
4.52589
4.58792
4.6716
4.7658
4.82378
4.79816
4.68662
4.54475
4.44909
4.41852
4.39242
4.31237
4.1877
4.07429
4.02389
4.05217
4.13636
4.24266
4.34441
4.42827
4.50204
4.58438
4.67602
4.74653
4.75971
4.71007
4.62768
4.55068
4.50586
4.5107
4.56506
4.64137
4.70046
4.72084
4.71419
4.71526
4.75631
4.8416
4.93676
4.98852
4.965
4.87358
4.74216
4.58927
4.4216
4.26723
4.22894
4.36593
4.55216
4.68427
4.74517
4.74251
4.69073
4.60255
4.47969
4.32158
4.15269
4.03298
4.02851
4.16461
4.39067
4.60487
4.72112
4.70719
4.58987
4.44503
4.3396
4.27261
4.22532
4.22548
4.30841
4.44981
4.58469
4.65332
4.61974
4.47927
4.26773
4.05786
3.92939
3.93294
4.05902
4.24103
4.39867
4.48237
4.50977
4.5529
4.64856
4.76013
4.8418
4.87977
4.87416
4.83069
4.76847
4.71387
4.6718
4.6154
4.52662
4.4262
4.35285
4.32215
4.31062
4.28563
4.24382
4.20878
4.19097
4.17824
4.16654
4.17284
4.20726
4.24662
4.26465
4.26729
4.26947
4.26161
4.22888
4.18142
4.14958
4.16327
4.23595
4.33685
4.40924
4.43209
4.42151
4.40006
4.40247
4.46696
4.57675
4.65566
4.64065
4.5317
4.3948
4.31055
4.30111
4.33423
4.37488
4.40532
4.41629
4.3976
4.34658
4.28873
4.27158
4.31118
4.36334
4.38484
4.38432
4.37736
4.35696
4.35961
4.41441
4.44998
4.3998
4.2844
4.18609
4.18576
4.29053
4.42535
4.50845
4.50605
4.42808
4.31718
4.23106
4.19578
4.18285
4.16182
4.16679
4.26235
4.42723
4.56644
4.61955
4.59057
4.5213
4.45699
4.42275
4.42129
4.4577
4.54647
4.66241
4.73652
4.73893
4.70705
4.68113
4.66485
4.65088
4.64701
4.66493
4.69339
4.70556
4.69409
4.67239
4.64096
4.58766
4.51454
4.45103
4.44652
4.53066
4.66814
4.7766
4.81123
4.83428
4.92037
5.01528
5.03683
4.96636
4.84074
4.72254
4.64096
4.58218
4.53262
4.49187
4.4644
4.46156
4.50092
4.59149
4.70715
4.7823
4.76221
4.64965
4.49963
4.37473
4.29889
4.26196
4.27087
4.34892
4.47053
4.5765
4.63569
4.65029
4.63196
4.58224
4.49368
4.37083
4.25082
4.19864
4.25928
4.41217
4.58658
4.71246
4.7524
4.69913
4.56883
4.40714
4.27843
4.22633
4.24479
4.28796
4.31013
4.30273
4.29702
4.32897
4.40307
4.50094
4.60342
4.68505
4.71679
4.68909
4.61775
4.53304
4.46815
4.44411
4.45218
4.46204
4.46329
4.47814
4.5225
4.57862
4.61851
4.62912
4.61564
4.58905
4.55043
4.50963
4.48313
4.46456
4.42665
4.353
4.26909
4.22896
4.26372
4.36064
4.48681
4.60032
4.65726
4.64316
4.59612
4.57699
4.60631
4.65053
4.67505
4.68364
4.70091
4.7356
4.77473
4.79611
4.77609
4.7064
4.61984
4.5688
4.54386
4.48956
4.39288
4.28443
4.20407
4.1691
4.16846
4.20024
4.27094
4.35824
4.41872
4.42523
4.37508
4.28751
4.2067
4.15968
4.12258
4.0915
4.10022
4.14474
4.18184
4.19292
4.19999
4.22948
4.2885
4.36991
4.46414
4.5525
4.60247
4.60455
4.59146
4.59052
4.59
4.56624
4.51203
4.43167
4.3331
4.25511
4.25185
4.30977
4.37283
4.41774
4.45456
4.48474
4.48307
4.42721
4.33596
4.26535
