   9.8605354000000001e-01  -1.6642840000000000e-01
   9.6906820999999999e-01   2.4679303000000000e-01
   8.9865026999999997e-01   4.3866579999999999e-01
   7.6174240999999998e-01   6.4788000999999995e-01
   7.2992740000000000e-01   6.8352468000000000e-01
   6.7530736000000002e-01   7.3753641999999997e-01
   6.5251139000000002e-01   7.5777890999999997e-01
   6.3112159000000001e-01   7.7568391999999997e-01
   5.8746536000000005e-01   8.0924931000000000e-01
   1.5073044999999999e-01   9.8857490000000003e-01
  -1.7839231000000000e-01   9.8395944000000002e-01
  -2.7818469000000001e-01   9.6052760999999998e-01
  -3.0072823999999998e-01   9.5370988000000001e-01
  -5.3421138999999995e-01   8.4535092999999994e-01
  -6.0851670999999996e-01   7.9354106000000002e-01
  -6.7359086999999995e-01   7.3910441999999998e-01
  -8.1713367000000003e-01   5.7644823999999995e-01
  -8.4859275000000001e-01   5.2904662999999996e-01
  -9.0750039999999998e-01   4.2005121000000001e-01
  -9.9991085000000002e-01  -1.3352770000000000e-02
  -9.5796740000000002e-01  -2.8687709000000000e-01
  -9.2155449000000000e-01  -3.8824903999999999e-01
  -9.0682695999999996e-01  -4.2150311000000001e-01
  -7.0554485000000000e-01  -7.0866527000000001e-01
  -5.9257835000000003e-01  -8.0551282000000002e-01
  -4.9463823000000001e-01  -8.6909897000000003e-01
  -4.5059526000000000e-01  -8.9272834999999995e-01
   3.9473939999999999e-02  -9.9922060000000001e-01
   2.0385729999999999e-01  -9.7900061000000005e-01
   3.5314238999999997e-01  -9.3556958999999995e-01
   5.0117929999999999e-01  -8.6534345999999995e-01
   5.1493429999999996e-01  -8.5722964000000001e-01
   8.6349134000000005e-01  -5.0436365999999999e-01
   9.5318460999999999e-01  -3.0238900000000002e-01
