   4.3534698999999999e-01   2.3354089000000000e-01
   3.2147867000000002e-01   6.2595011000000000e-01
   3.2147867000000002e-01   6.2595011000000000e-01
   3.2147867000000002e-01   6.2595011000000000e-01
   3.2147867000000002e-01   6.2595011000000000e-01
   3.2147867000000002e-01   6.2595011000000000e-01
   3.2147867000000002e-01   6.2595011000000000e-01
   3.2147867000000002e-01   6.2595011000000000e-01
   3.2147867000000002e-01   6.2595011000000000e-01
   3.2147867000000002e-01   6.2595011000000000e-01
   3.2147867000000002e-01   6.2595011000000000e-01
   3.2147867000000002e-01   6.2595011000000000e-01
   3.2147867000000002e-01   6.2595011000000000e-01
   3.2147867000000002e-01   6.2595011000000000e-01
   3.2147867000000002e-01   6.2595011000000000e-01
   3.2147867000000002e-01   6.2595011000000000e-01
   3.2147867000000002e-01   6.2595011000000000e-01
   3.2147867000000002e-01   6.2595011000000000e-01
   3.2147867000000002e-01   6.2595011000000000e-01
   3.2147867000000002e-01   6.2595011000000000e-01
   3.2147867000000002e-01   6.2595011000000000e-01
   3.2147867000000002e-01   6.2595011000000000e-01
   3.2147867000000002e-01   6.2595011000000000e-01
   3.2147867000000002e-01   6.2595011000000000e-01
   3.2147867000000002e-01   6.2595011000000000e-01
   3.2147867000000002e-01   6.2595011000000000e-01
   3.2147867000000002e-01   6.2595011000000000e-01
   3.2147867000000002e-01   6.2595011000000000e-01
   3.2147867000000002e-01   6.2595011000000000e-01
   3.2147867000000002e-01   6.2595011000000000e-01
   3.2147867000000002e-01   6.2595011000000000e-01
   3.2147867000000002e-01   6.2595011000000000e-01
   3.2147867000000002e-01   6.2595011000000000e-01
   3.2147867000000002e-01   6.2595011000000000e-01
