   4.3534698999999999e-01   2.3354089000000000e-01
   3.2147867000000002e-01   6.2595011000000000e-01
   3.2147867000000002e-01   6.2595011000000000e-01
   3.2147867000000002e-01   6.2595011000000000e-01
   3.2147867000000002e-01   6.2595011000000000e-01
   3.2147867000000002e-01   6.2595011000000000e-01
   3.2147867000000002e-01   6.2595011000000000e-01
   3.2147867000000002e-01   6.2595011000000000e-01
   3.2147867000000002e-01   6.2595011000000000e-01
   3.2147867000000002e-01   6.2595011000000000e-01
   3.2147867000000002e-01   6.2595011000000000e-01
   3.2147867000000002e-01   6.2595011000000000e-01
   3.2147867000000002e-01   6.2595011000000000e-01
   3.2147867000000002e-01   6.2595011000000000e-01
   3.2147867000000002e-01   6.2595011000000000e-01
   3.2147867000000002e-01   6.2595011000000000e-01
   3.2147867000000002e-01   6.2595011000000000e-01
   9.1938989000000004e-01   9.1175883000000002e-01
   9.1938989000000004e-01   9.1175883000000002e-01
   9.1938989000000004e-01   9.1175883000000002e-01
   9.1938989000000004e-01   9.1175883000000002e-01
   9.4973605000000005e-01   9.4907527999999997e-01
   9.4973605000000005e-01   9.4907527999999997e-01
   9.4973605000000005e-01   9.4907527999999997e-01
   1.1227719000000000e-01   9.4114463999999998e-01
   1.1227719000000000e-01   9.4114463999999998e-01
   1.1227719000000000e-01   9.4114463999999998e-01
   6.3059989999999996e-02   8.1257095999999995e-01
   1.0297402000000000e-01   7.4853029000000004e-01
   4.6105689999999998e-02   4.8461785000000002e-01
   4.6105689999999998e-02   4.8461785000000002e-01
   1.9602096999999999e-01   4.5529479000000000e-01
   1.9602096999999999e-01   4.5529479000000000e-01
   4.1788661999999999e-01   2.4305251000000000e-01
