   4.3534698999999999e-01   2.3354089000000000e-01
   3.2147867000000002e-01   6.2595011000000000e-01
   3.2147867000000002e-01   6.2595011000000000e-01
   3.2147867000000002e-01   6.2595011000000000e-01
   3.2147867000000002e-01   6.2595011000000000e-01
   3.2147867000000002e-01   6.2595011000000000e-01
   3.2147867000000002e-01   6.2595011000000000e-01
   3.2147867000000002e-01   6.2595011000000000e-01
   3.2147867000000002e-01   6.2595011000000000e-01
   3.2147867000000002e-01   6.2595011000000000e-01
   3.2147867000000002e-01   6.2595011000000000e-01
   3.2147867000000002e-01   6.2595011000000000e-01
   3.2147867000000002e-01   6.2595011000000000e-01
   3.2147867000000002e-01   6.2595011000000000e-01
   3.2147867000000002e-01   6.2595011000000000e-01
   3.2147867000000002e-01   6.2595011000000000e-01
   3.2147867000000002e-01   6.2595011000000000e-01
   5.6788161999999998e-01   7.3899325999999999e-01
   5.6788161999999998e-01   7.3899325999999999e-01
   9.1938989000000004e-01   9.1175883000000002e-01
   9.1938989000000004e-01   9.1175883000000002e-01
   9.1938989000000004e-01   9.1175883000000002e-01
   9.1938989000000004e-01   9.1175883000000002e-01
   9.1938989000000004e-01   9.1175883000000002e-01
   9.4973605000000005e-01   9.4907527999999997e-01
   9.4973605000000005e-01   9.4907527999999997e-01
   9.4973605000000005e-01   9.4907527999999997e-01
   9.4973605000000005e-01   9.4907527999999997e-01
   9.1653808999999997e-01   8.9468729999999996e-02
   6.6338198999999998e-01   5.6693250000000001e-02
   6.3627100000000003e-01   5.1313449999999997e-02
   7.2882331000000000e-01   1.9435683000000001e-01
   6.4938768999999996e-01   2.1799950000000001e-01
   6.4938768999999996e-01   2.1799950000000001e-01
