   4.3534698999999999e-01   2.3354089000000000e-01
   3.2147867000000002e-01   6.2595011000000000e-01
   3.2147867000000002e-01   6.2595011000000000e-01
   3.2147867000000002e-01   6.2595011000000000e-01
   3.2147867000000002e-01   6.2595011000000000e-01
   3.2147867000000002e-01   6.2595011000000000e-01
   3.2147867000000002e-01   6.2595011000000000e-01
   3.2147867000000002e-01   6.2595011000000000e-01
   3.2147867000000002e-01   6.2595011000000000e-01
   3.2147867000000002e-01   6.2595011000000000e-01
   3.2147867000000002e-01   6.2595011000000000e-01
   3.2147867000000002e-01   6.2595011000000000e-01
   3.2147867000000002e-01   6.2595011000000000e-01
   3.2147867000000002e-01   6.2595011000000000e-01
   3.2147867000000002e-01   6.2595011000000000e-01
   3.2147867000000002e-01   6.2595011000000000e-01
   3.2147867000000002e-01   6.2595011000000000e-01
   9.1938989000000004e-01   9.1175883000000002e-01
   9.1938989000000004e-01   9.1175883000000002e-01
   9.1938989000000004e-01   9.1175883000000002e-01
   9.1938989000000004e-01   9.1175883000000002e-01
   9.1938989000000004e-01   9.1175883000000002e-01
   9.1938989000000004e-01   9.1175883000000002e-01
   9.1938989000000004e-01   9.1175883000000002e-01
   9.1938989000000004e-01   9.1175883000000002e-01
   9.1938989000000004e-01   9.1175883000000002e-01
   9.4973605000000005e-01   9.4907527999999997e-01
   9.4973605000000005e-01   9.4907527999999997e-01
   9.4973605000000005e-01   9.4907527999999997e-01
   2.8996148999999999e-01   8.4441056999999997e-01
   2.4782762000000000e-01   9.3557882000000003e-01
   2.2345170000000001e-02   9.3518210999999996e-01
   6.3059989999999996e-02   8.1257095999999995e-01
   1.0297402000000000e-01   7.4853029000000004e-01
