   9.8467948999999999e-01   9.0207645000000003e-01
   9.6641074000000005e-01   9.9451511000000004e-01
   6.9739938000000001e-01   9.6859050000000002e-01
   6.6571506000000003e-01   9.7797283000000002e-01
   4.6716472999999997e-01   8.8152770999999996e-01
   4.3562472000000002e-01   8.3091521000000002e-01
   3.2067774999999998e-01   7.8975090000000003e-01
   2.0313571000000000e-01   8.3760396000000004e-01
   9.5784850000000005e-02   7.1467371999999996e-01
   5.6692819999999998e-02   6.0986726999999996e-01
   1.0046192000000000e-01   5.3533454999999996e-01
   1.7742284999999999e-01   5.6671459999999996e-01
   3.0393956000000000e-01   4.4102261999999998e-01
   3.8511055999999999e-01   3.3613158999999998e-01
   3.8997742000000002e-01   3.2437756000000001e-01
   2.8828997000000001e-01   1.2970414999999999e-01
   4.7897557000000002e-01   2.3834995000000000e-01
   6.1202221999999995e-01   5.1210400000000003e-02
   7.0768211000000003e-01   1.1940992000000000e-01
   8.8887910000000003e-01   4.8439839999999998e-02
   8.6912593999999999e-01   1.2611010000000000e-01
   9.7896620000000001e-01   1.8875604000000001e-01
   7.5326634000000003e-01   2.8980535000000002e-01
   7.3851266999999998e-01   3.9645870000000000e-01
   7.4631974000000001e-01   4.4899752999999998e-01
   6.0329334000000001e-01   3.8137107999999997e-01
   3.0983537999999999e-01   5.7017949000000001e-01
   4.7733193000000002e-01   7.1526078999999998e-01
   5.1782799000000002e-01   6.8353280999999999e-01
   5.8649267999999999e-01   6.0257718999999998e-01
   8.7227136000000005e-01   6.1616130999999996e-01
   7.9760136000000004e-01   7.9440891999999996e-01
   7.6242763999999996e-01   8.4829321000000002e-01
   8.3581232999999999e-01   9.2782270000000000e-01
