   7.5987183000000003e-01   5.1967200000000002e-03
   7.2229540000000003e-01   1.3795270000000000e-02
   5.4426609000000004e-01   1.5561844000000000e-01
   4.5394252000000002e-01   2.9126154999999998e-01
   1.6577394000000001e-01   3.5911249999999999e-02
   6.6906279999999999e-02   4.1251320000000001e-02
   2.0918579999999999e-02   1.2953835000000000e-01
   1.1880280000000000e-02   1.6301141000000000e-01
   1.7704323000000000e-01   2.9813242000000001e-01
   2.7330251999999999e-01   2.5623199000000002e-01
   2.4357914999999999e-01   3.6821650000000000e-01
   1.4569856000000000e-01   4.2685315000000001e-01
   1.3789313000000000e-01   5.2353344999999996e-01
   1.3912743000000000e-01   5.6461645999999999e-01
   2.5752939000000002e-01   5.8684544999999999e-01
   2.9420065000000001e-01   5.9032189000000002e-01
   3.3571585999999998e-01   6.3903511999999996e-01
   3.0262358000000000e-01   8.2927561999999999e-01
   1.6938843000000001e-01   8.5799893999999999e-01
   1.2132859000000000e-01   9.3939373000000004e-01
   2.1413230999999999e-01   9.2079922000000003e-01
   3.4232319000000000e-01   8.9802400000000004e-01
   4.0618812999999998e-01   9.8751785000000003e-01
   7.2424228999999996e-01   9.1671678000000001e-01
   9.9241321999999998e-01   8.5562749000000005e-01
   9.3805780999999999e-01   6.6910831000000004e-01
   5.9115163999999998e-01   6.2831773000000002e-01
   4.9061113000000001e-01   5.9118996999999995e-01
   5.3995358000000004e-01   4.2379598000000002e-01
   8.7362187000000002e-01   3.1256177000000002e-01
   9.2358342999999998e-01   2.8034260000000000e-01
   8.6708826000000006e-01   1.5482364000000001e-01
   8.6829255000000005e-01   1.6955570000000000e-02
   9.4462287000000000e-01   3.1866159999999998e-02
