-0.398667
-0.891415
-1.48654
-1.99272
-2.32401
-2.48978
-2.53724
-2.50739
-2.41578
-2.27043
-2.09376
-1.94586
-1.89286
-1.96146
-2.1157
-2.30268
-2.47647
-2.6009
-2.68447
-2.7495
-2.80248
-2.84145
-2.85231
-2.82918
-2.78108
-2.72725
-2.70483
-2.71839
-2.74137
-2.75149
-2.74083
-2.72541
-2.73887
-2.79117
-2.8427
-2.844
-2.7585
-2.62309
-2.52231
-2.53927
-2.64811
-2.77124
-2.85587
-2.87925
-2.83769
-2.76282
-2.68425
-2.61777
-2.55839
-2.49103
-2.40617
-2.32009
-2.26465
-2.26054
-2.29229
-2.33172
-2.34295
-2.335
-2.34655
-2.37675
-2.36954
-2.31235
-2.23774
-2.19962
-2.24714
-2.39269
-2.59183
-2.7786
-2.89978
-2.92879
-2.89456
-2.85276
-2.82413
-2.79543
-2.77246
-2.74598
-2.71576
-2.69171
-2.67662
-2.66695
-2.65229
-2.622
-2.56936
-2.49974
-2.42557
-2.36782
-2.34333
-2.35216
-2.37921
-2.39899
-2.40187
-2.40879
-2.42736
-2.44558
-2.45108
-2.45442
-2.49307
-2.56346
-2.64426
-2.69555
-2.73375
-2.78624
-2.85335
-2.88962
-2.86342
-2.79886
-2.75271
-2.74001
-2.74438
-2.7649
-2.81115
-2.88609
-2.93142
-2.88012
-2.73434
-2.53878
-2.34986
-2.23612
-2.22063
-2.27379
-2.36287
-2.4727
-2.59519
-2.71962
-2.81661
-2.85409
-2.83433
-2.77937
-2.71995
-2.67426
-2.63378
-2.58202
-2.5194
-2.4866
-2.54265
-2.68803
-2.85393
-2.98915
-3.06681
-3.06331
-2.99114
-2.90277
-2.86342
-2.8503
-2.83583
-2.81267
-2.77032
-2.70379
-2.65054
-2.64604
-2.68062
-2.70561
-2.68233
-2.6162
-2.55405
-2.53742
-2.57702
-2.64364
-2.70681
-2.74798
-2.75971
-2.74428
-2.71416
-2.72398
-2.79323
-2.88175
-2.91456
-2.86468
-2.76801
-2.68761
-2.67082
-2.71499
-2.75977
-2.73929
-2.63601
-2.50235
-2.38932
-2.30242
-2.23556
-2.22028
-2.28302
-2.38945
-2.48371
-2.53764
-2.54067
-2.53158
-2.53567
-2.53019
-2.52105
-2.54845
-2.63053
-2.75104
-2.86284
-2.9281
-2.93812
-2.90784
-2.85857
-2.80179
-2.75186
-2.72521
-2.71389
-2.68632
-2.63346
-2.57167
-2.56594
-2.66453
-2.8374
-2.99794
-3.06981
-3.07926
-3.10292
-3.13995
-3.13065
-3.05314
-2.90338
-2.70406
-2.5113
-2.37652
-2.30958
-2.29895
-2.34284
-2.44225
-2.57334
-2.69702
-2.77207
-2.78474
-2.73987
-2.70298
-2.72526
-2.79442
-2.84503
-2.84894
-2.81572
-2.74189
-2.6534
-2.61626
-2.67454
-2.77489
-2.82489
-2.79101
-2.71901
-2.68121
-2.71811
-2.80442
-2.8859
-2.90343
-2.84714
-2.74213
-2.62873
-2.56038
-2.58277
-2.66647
-2.75905
-2.8012
-2.78723
-2.75822
-2.75471
-2.79522
-2.87801
-2.97895
-3.05786
-3.07406
-3.01918
-2.9255
-2.84876
-2.82469
-2.83587
-2.81252
-2.68894
-2.46711
-2.25252
-2.15255
-2.16862
-2.25142
-2.35356
-2.41476
-2.39252
-2.30407
-2.23839
-2.26956
-2.40681
-2.57376
-2.70911
-2.80117
-2.87852
-2.94254
-2.97108
-2.92355
-2.81623
-2.70023
-2.64614
-2.68292
-2.79201
-2.92666
-3.03808
-3.08666
-3.04992
-2.93745
-2.76479
-2.56617
-2.3715
-2.20964
-2.10865
-2.07297
-2.0801
-2.0932
-2.09799
-2.11537
-2.16794
-2.24861
-2.34302
-2.43453
-2.52121
-2.61529
-2.72353
-2.83656
-2.9063
-2.92201
-2.92176
-2.94472
-2.99495
-3.0773
-3.1616
-3.19537
-3.13028
-2.96597
-2.75821
-2.61362
-2.60433
-2.6969
-2.79336
-2.85177
-2.88241
-2.90466
-2.91131
-2.89495
-2.8527
-2.78545
-2.70626
-2.63229
-2.56236
-2.49838
-2.47521
-2.53548
-2.66273
-2.79075
-2.86315
-2.86878
-2.84096
-2.82614
-2.84323
-2.87779
-2.91586
-2.94214
-2.9396
-2.90298
-2.83095
-2.73015
-2.62672
-2.54757
-2.51268
-2.52956
-2.58925
-2.64182
-2.68233
-2.71267
-2.71305
-2.66886
-2.57165
-2.45655
-2.40129
-2.47037
-2.61111
-2.71329
-2.7576
-2.79129
-2.84543
-2.88854
-2.87269
-2.80498
-2.71522
-2.63169
-2.56125
-2.49426
-2.42838
-2.35214
-2.27523
-2.22625
-2.20428
-2.20249
-2.20803
-2.21259
-2.21999
-2.22295
-2.21352
-2.19146
-2.18076
-2.21028
-2.29568
-2.42799
-2.55928
-2.65478
-2.70622
-2.73344
-2.75367
-2.76394
-2.76488
-2.74401
-2.69141
-2.60124
-2.49527
-2.41744
-2.40637
-2.43576
-2.43412
-2.3794
-2.30354
-2.25828
-2.26729
-2.33649
-2.46255
-2.59747
-2.6952
-2.72976
-2.70812
-2.65629
-2.62391
-2.62404
-2.66166
-2.71949
-2.76987
-2.79898
-2.79346
-2.74993
-2.67621
-2.59459
-2.52316
-2.48965
-2.52314
-2.62823
-2.78357
-2.93592
-3.0307
-3.03159
-2.94204
-2.78591
-2.59964
-2.44771
-2.39815
-2.43636
-2.48205
-2.48802
-2.45349
-2.40433
-2.38083
-2.42039
-2.52222
-2.63604
-2.69346
-2.67062
-2.5884
-2.49534
-2.48045
-2.57346
-2.70932
-2.79359
-2.77293
-2.67463
-2.57966
-2.60068
-2.75026
-2.93743
-3.06517
-3.08425
-2.99152
-2.83034
-2.64526
-2.48551
-2.38883
-2.38727
-2.47031
-2.60526
-2.74174
-2.84444
-2.88761
-2.8474
-2.70702
-2.48807
-2.25945
-2.085
-2.00747
-2.03357
-2.15994
-2.362
-2.60078
-2.8185
-2.95914
-3.00304
-2.95193
-2.84646
-2.74951
-2.70632
-2.72759
-2.79178
-2.86539
-2.90813
-2.90186
-2.8333
-2.7146
-2.59884
-2.54461
-2.5631
-2.60559
-2.61898
-2.58307
-2.5226
-2.50471
-2.55587
-2.63132
-2.67523
-2.64346
-2.53801
-2.39969
-2.29049
-2.24296
-2.26771
-2.31538
-2.32285
-2.2933
-2.31295
-2.4013
-2.47772
-2.50079
-2.50791
-2.5334
-2.55339
-2.55626
-2.55188
-2.55419
-2.56763
-2.57039
-2.55469
-2.54258
-2.545
-2.56373
-2.59662
-2.64288
-2.70698
-2.79685
-2.90285
-2.99195
-3.04065
-3.02974
-2.98158
-2.90774
-2.81302
-2.70998
-2.64053
-2.62649
-2.65824
-2.70063
-2.73523
-2.74928
-2.76296
-2.81361
-2.87362
-2.88128
-2.80879
-2.68025
-2.56194
-2.52996
-2.61123
-2.7647
-2.90455
-2.9452
-2.87764
-2.72402
-2.5174
-2.33074
-2.23349
-2.24352
-2.30469
-2.35986
-2.40132
-2.46274
-2.5897
-2.75999
-2.91803
-3.00051
-2.98174
-2.88068
-2.75301
-2.65869
-2.63746
-2.67229
-2.72012
-2.74955
-2.76
-2.75017
-2.70725
-2.66056
-2.65481
-2.6744
-2.64819
-2.552
-2.43371
-2.34688
-2.28664
-2.23584
-2.22721
-2.29297
-2.41405
-2.5441
-2.65124
-2.73867
-2.83437
-2.93224
-3.00436
-3.02254
-3.00372
-2.96595
-2.90296
-2.81338
-2.69597
-2.57608
-2.50519
-2.50119
-2.55296
-2.61192
-2.64109
-2.62641
-2.57518
-2.50973
-2.44332
-2.37649
-2.31277
-2.25568
-2.2202
-2.25653
-2.38326
-2.56547
-2.72813
-2.82784
-2.87161
-2.89422
-2.91719
-2.93726
-2.93284
-2.88865
-2.79859
-2.68242
-2.58055
-2.55071
-2.57525
-2.61965
-2.66878
-2.73293
-2.81781
-2.91032
-2.96196
-2.92427
-2.80795
-2.6675
-2.57808
-2.55154
-2.52343
-2.43829
-2.31255
-2.20155
-2.15938
-2.1957
-2.28521
-2.39534
-2.49787
-2.57905
-2.65255
-2.73405
-2.82538
-2.88861
-2.89118
-2.83778
-2.75304
-2.68082
-2.64065
-2.65056
-2.70975
-2.78412
-2.84078
-2.85706
-2.84617
-2.85135
-2.89888
-2.98927
-3.07924
-3.12589
-3.09498
-3.00182
-2.86675
-2.71405
-2.54395
-2.39619
-2.37336
-2.5253
-2.71052
-2.83487
-2.88891
-2.87705
-2.81924
-2.72641
-2.59891
-2.43829
-2.26921
-2.15829
-2.1675
-2.3162
-2.54339
-2.75162
-2.8534
-2.82888
-2.70579
-2.56246
-2.46359
-2.39727
-2.35201
-2.35918
-2.4534
-2.59729
-2.7302
-2.78915
-2.74126
-2.59261
-2.37848
-2.17494
-2.06009
-2.07878
-2.21769
-2.39748
-2.55205
-2.62411
-2.65085
-2.69761
-2.79735
-2.90785
-2.98402
-3.01823
-3.00678
-2.95966
-2.89481
-2.84316
-2.79955
-2.73822
-2.64705
-2.54504
-2.47626
-2.44873
-2.43386
-2.40733
-2.36046
-2.32976
-2.31543
-2.30228
-2.29041
-2.30278
-2.33794
-2.37498
-2.3923
-2.3945
-2.39683
-2.38399
-2.35011
-2.30466
-2.27418
-2.29431
-2.37339
-2.47353
-2.542
-2.55922
-2.54615
-2.5229
-2.53017
-2.60129
-2.71158
-2.78477
-2.7598
-2.64515
-2.50937
-2.43447
-2.43118
-2.46898
-2.50915
-2.53773
-2.54622
-2.52345
-2.47195
-2.41955
-2.40841
-2.45392
-2.50261
-2.51979
-2.51911
-2.51295
-2.49054
-2.49571
-2.55271
-2.58015
-2.52369
-2.40504
-2.31419
-2.32408
-2.43645
-2.57082
-2.6454
-2.63245
-2.54715
-2.43489
-2.35169
-2.32224
-2.31017
-2.29409
-2.30347
-2.41155
-2.57867
-2.71088
-2.75535
-2.72043
-2.65175
-2.58456
-2.55274
-2.5568
-2.59729
-2.69264
-2.80766
-2.87367
-2.8709
-2.83607
-2.81016
-2.79754
-2.78361
-2.77998
-2.79963
-2.82634
-2.83755
-2.82635
-2.80081
-2.76771
-2.71321
-2.64152
-2.5783
-2.58279
-2.67442
-2.81425
-2.91813
-2.94574
-2.97402
-3.0647
-3.15513
-3.16467
-3.08299
-2.9576
-2.84172
-2.76273
-2.70392
-2.65675
-2.61803
-2.59495
-2.5968
-2.64252
-2.73823
-2.85482
-2.92446
-2.89198
-2.77
-2.61708
-2.49976
-2.42777
-2.39771
-2.40922
-2.49325
-2.6162
-2.71562
-2.77119
-2.78363
-2.76298
-2.70876
-2.61679
-2.4961
-2.37942
-2.33767
-2.40965
-2.56929
-2.73936
-2.85742
-2.88799
-2.82326
-2.68593
-2.52264
-2.4003
-2.35543
-2.38271
-2.4232
-2.44041
-2.43129
-2.42869
-2.46396
-2.54333
-2.64576
-2.7446
-2.82372
-2.84948
-2.81862
-2.74377
-2.66056
-2.59982
-2.57931
-2.58865
-2.59909
-2.60072
-2.61636
-2.66189
-2.71881
-2.75735
-2.7644
-2.75214
-2.72245
-2.68057
-2.64161
-2.6154
-2.59595
-2.55403
-2.47709
-2.39342
-2.35949
-2.40129
-2.50375
-2.63105
-2.73782
-2.78653
-2.76916
-2.71973
-2.70786
-2.74043
-2.78375
-2.80486
-2.81614
-2.83357
-2.8702
-2.90929
-2.92723
-2.90245
-2.83042
-2.74151
-2.69369
-2.66782
-2.60953
-2.5115
-2.40641
-2.32816
-2.29408
-2.29475
-2.33196
-2.40922
-2.49644
-2.551
-2.55002
-2.49578
-2.40887
-2.33016
-2.28664
-2.24996
-2.22199
-2.23778
-2.28134
-2.31523
-2.3261
-2.33446
-2.36854
-2.43023
-2.51207
-2.60396
-2.68804
-2.72996
-2.73151
-2.72094
-2.72306
-2.72211
-2.69401
-2.63535
-2.55132
-2.45325
-2.38143
-2.38538
-2.44977
-2.51161
-2.55503
-2.59352
-2.6223
-2.61675
-2.55533
-2.4617
-2.3965
-0.398667
-0.891415
-1.48654
-1.99272
-2.32401
-2.48978
-2.53724
-2.50739
-2.41578
-2.27043
-2.09376
-1.94586
-1.89286
-1.96146
-2.1157
-2.30268
-2.47647
-2.6009
-2.68447
-2.7495
-2.80248
-2.84145
-2.85231
-2.82918
-2.78108
-2.72725
-2.70483
-2.71839
-2.74137
-2.75149
-2.74083
-2.72541
-2.73887
-2.79117
-2.8427
-2.844
-2.7585
-2.62309
-2.52231
-2.53927
-2.64811
-2.77124
-2.85587
-2.87925
-2.83769
-2.76282
-2.68425
-2.61777
-2.55839
-2.49103
-2.40617
-2.32009
-2.26465
-2.26054
-2.29229
-2.33172
-2.34295
-2.335
-2.34655
-2.37675
-2.36954
-2.31235
-2.23774
-2.19962
-2.24714
-2.39269
-2.59183
-2.7786
-2.89978
-2.92879
-2.89456
-2.85276
-2.82413
-2.79543
-2.77246
-2.74598
-2.71576
-2.69171
-2.67662
-2.66695
-2.65229
-2.622
-2.56936
-2.49974
-2.42557
-2.36782
-2.34333
-2.35216
-2.37921
-2.39899
-2.40187
-2.40879
-2.42736
-2.44558
-2.45108
-2.45442
-2.49307
-2.56346
-2.64426
-2.69555
-2.73375
-2.78624
-2.85335
-2.88962
-2.86342
-2.79886
-2.75271
-2.74001
-2.74438
-2.7649
-2.81115
-2.88609
-2.93142
-2.88012
-2.73434
-2.53878
-2.34986
-2.23612
-2.22063
-2.27379
-2.36287
-2.4727
-2.59519
-2.71962
-2.81661
-2.85409
-2.83433
-2.77937
-2.71995
-2.67426
-2.63378
-2.58202
-2.5194
-2.4866
-2.54265
-2.68803
-2.85393
-2.98915
-3.06681
-3.06331
-2.99114
-2.90277
-2.86342
-2.8503
-2.83583
-2.81267
-2.77032
-2.70379
-2.65054
-2.64604
-2.68062
-2.70561
-2.68233
-2.6162
-2.55405
-2.53742
-2.57702
-2.64364
-2.70681
-2.74798
-2.75971
-2.74428
-2.71416
-2.72398
-2.79323
-2.88175
-2.91456
-2.86468
-2.76801
-2.68761
-2.67082
-2.71499
-2.75977
-2.73929
-2.63601
-2.50235
-2.38932
-2.30242
-2.23556
-2.22028
-2.28302
-2.38945
-2.48371
-2.53764
-2.54067
-2.53158
-2.53567
-2.53019
-2.52105
-2.54845
-2.63053
-2.75104
-2.86284
-2.9281
-2.93812
-2.90784
-2.85857
-2.80179
-2.75186
-2.72521
-2.71389
-2.68632
-2.63346
-2.57167
-2.56594
-2.66453
-2.8374
-2.99794
-3.06981
-3.07926
-3.10292
-3.13995
-3.13065
-3.05314
-2.90338
-2.70406
-2.5113
-2.37652
-2.30958
-2.29895
-2.34284
-2.44225
-2.57334
-2.69702
-2.77207
-2.78474
-2.73987
-2.70298
-2.72526
-2.79442
-2.84503
-2.84894
-2.81572
-2.74189
-2.6534
-2.61626
-2.67454
-2.77489
-2.82489
-2.79101
-2.71901
-2.68121
-2.71811
-2.80442
-2.8859
-2.90343
-2.84714
-2.74213
-2.62873
-2.56038
-2.58277
-2.66647
-2.75905
-2.8012
-2.78723
-2.75822
-2.75471
-2.79522
-2.87801
-2.97895
-3.05786
-3.07406
-3.01918
-2.9255
-2.84876
-2.82469
-2.83587
-2.81252
-2.68894
-2.46711
-2.25252
-2.15255
-2.16862
-2.25142
-2.35356
-2.41476
-2.39252
-2.30407
-2.23839
-2.26956
-2.40681
-2.57376
-2.70911
-2.80117
-2.87852
-2.94254
-2.97108
-2.92355
-2.81623
-2.70023
-2.64614
-2.68292
-2.79201
-2.92666
-3.03808
-3.08666
-3.04992
-2.93745
-2.76479
-2.56617
-2.3715
-2.20964
-2.10865
-2.07297
-2.0801
-2.0932
-2.09799
-2.11537
-2.16794
-2.24861
-2.34302
-2.43453
-2.52121
-2.61529
-2.72353
-2.83656
-2.9063
-2.92201
-2.92176
-2.94472
-2.99495
-3.0773
-3.1616
-3.19537
-3.13028
-2.96597
-2.75821
-2.61362
-2.60433
-2.6969
-2.79336
-2.85177
-2.88241
-2.90466
-2.91131
-2.89495
-2.8527
-2.78545
-2.70626
-2.63229
-2.56236
-2.49838
-2.47521
-2.53548
-2.66273
-2.79075
-2.86315
-2.86878
-2.84096
-2.82614
-2.84323
-2.87779
-2.91586
-2.94214
-2.9396
-2.90298
-2.83095
-2.73015
-2.62672
-2.54757
-2.51268
-2.52956
-2.58925
-2.64182
-2.68233
-2.71267
-2.71305
-2.66886
-2.57165
-2.45655
-2.40129
-2.47037
-2.61111
-2.71329
-2.7576
-2.79129
-2.84543
-2.88854
-2.87269
-2.80498
-2.71522
-2.63169
-2.56125
-2.49426
-2.42838
-2.35214
-2.27523
-2.22625
-2.20428
-2.20249
-2.20803
-2.21259
-2.21999
-2.22295
-2.21352
-2.19146
-2.18076
-2.21028
-2.29568
-2.42799
-2.55928
-2.65478
-2.70622
-2.73344
-2.75367
-2.76394
-2.76488
-2.74401
-2.69141
-2.60124
-2.49527
-2.41744
-2.40637
-2.43576
-2.43412
-2.3794
-2.30354
-2.25828
-2.26729
-2.33649
-2.46255
-2.59747
-2.6952
-2.72976
-2.70812
-2.65629
-2.62391
-2.62404
-2.66166
-2.71949
-2.76987
-2.79898
-2.79346
-2.74993
-2.67621
-2.59459
-2.52316
-2.48965
-2.52314
-2.62823
-2.78357
-2.93592
-3.0307
-3.03159
-2.94204
-2.78591
-2.59964
-2.44771
-2.39815
-2.43636
-2.48205
-2.48802
-2.45349
-2.40433
-2.38083
-2.42039
-2.52222
-2.63604
-2.69346
-2.67062
-2.5884
-2.49534
-2.48045
-2.57346
-2.70932
-2.79359
-2.77293
-2.67463
-2.57966
-2.60068
-2.75026
-2.93743
-3.06517
-3.08425
-2.99152
-2.83034
-2.64526
-2.48551
-2.38883
-2.38727
-2.47031
-2.60526
-2.74174
-2.84444
-2.88761
-2.8474
-2.70702
-2.48807
-2.25945
-2.085
-2.00747
-2.03357
-2.15994
-2.362
-2.60078
-2.8185
-2.95914
-3.00304
-2.95193
-2.84646
-2.74951
-2.70632
-2.72759
-2.79178
-2.86539
-2.90813
-2.90186
-2.8333
-2.7146
-2.59884
-2.54461
-2.5631
-2.60559
-2.61898
-2.58307
-2.5226
-2.50471
-2.55587
-2.63132
-2.67523
-2.64346
-2.53801
-2.39969
-2.29049
-2.24296
-2.26771
-2.31538
-2.32285
-2.2933
-2.31295
-2.4013
-2.47772
-2.50079
-2.50791
-2.5334
-2.55339
-2.55626
-2.55188
-2.55419
-2.56763
-2.57039
-2.55469
-2.54258
-2.545
-2.56373
-2.59662
-2.64288
-2.70698
-2.79685
-2.90285
-2.99195
-3.04065
-3.02974
-2.98158
-2.90774
-2.81302
-2.70998
-2.64053
-2.62649
-2.65824
-2.70063
-2.73523
-2.74928
-2.76296
-2.81361
-2.87362
-2.88128
-2.80879
-2.68025
-2.56194
-2.52996
-2.61123
-2.7647
-2.90455
-2.9452
-2.87764
-2.72402
-2.5174
-2.33074
-2.23349
-2.24352
-2.30469
-2.35986
-2.40132
-2.46274
-2.5897
-2.75999
-2.91803
-3.00051
-2.98174
-2.88068
-2.75301
-2.65869
-2.63746
-2.67229
-2.72012
-2.74955
-2.76
-2.75017
-2.70725
-2.66056
-2.65481
-2.6744
-2.64819
-2.552
-2.43371
-2.34688
-2.28664
-2.23584
-2.22721
-2.29297
-2.41405
-2.5441
-2.65124
-2.73867
-2.83437
-2.93224
-3.00436
-3.02254
-3.00372
-2.96595
-2.90296
-2.81338
-2.69597
-2.57608
-2.50519
-2.50119
-2.55296
-2.61192
-2.64109
-2.62641
-2.57518
-2.50973
-2.44332
-2.37649
-2.31277
-2.25568
-2.2202
-2.25653
-2.38326
-2.56547
-2.72813
-2.82784
-2.87161
-2.89422
-2.91719
-2.93726
-2.93284
-2.88865
-2.79859
-2.68242
-2.58055
-2.55071
-2.57525
-2.61965
-2.66878
-2.73293
-2.81781
-2.91032
-2.96196
-2.92427
-2.80795
-2.6675
-2.57808
-2.55154
-2.52343
-2.43829
-2.31255
-2.20155
-2.15938
-2.1957
-2.28521
-2.39534
-2.49787
-2.57905
-2.65255
-2.73405
-2.82538
-2.88861
-2.89118
-2.83778
-2.75304
-2.68082
-2.64065
-2.65056
-2.70975
-2.78412
-2.84078
-2.85706
-2.84617
-2.85135
-2.89888
-2.98927
-3.07924
-3.12589
-3.09498
-3.00182
-2.86675
-2.71405
-2.54395
-2.39619
-2.37336
-2.5253
-2.71052
-2.83487
-2.88891
-2.87705
-2.81924
-2.72641
-2.59891
-2.43829
-2.26921
-2.15829
-2.1675
-2.3162
-2.54339
-2.75162
-2.8534
-2.82888
-2.70579
-2.56246
-2.46359
-2.39727
-2.35201
-2.35918
-2.4534
-2.59729
-2.7302
-2.78915
-2.74126
-2.59261
-2.37848
-2.17494
-2.06009
-2.07878
-2.21769
-2.39748
-2.55205
-2.62411
-2.65085
-2.69761
-2.79735
-2.90785
-2.98402
-3.01823
-3.00678
-2.95966
-2.89481
-2.84316
-2.79955
-2.73822
-2.64705
-2.54504
-2.47626
-2.44873
-2.43386
-2.40733
-2.36046
-2.32976
-2.31543
-2.30228
-2.29041
-2.30278
-2.33794
-2.37498
-2.3923
-2.3945
-2.39683
-2.38399
-2.35011
-2.30466
-2.27418
-2.29431
-2.37339
-2.47353
-2.542
-2.55922
-2.54615
-2.5229
-2.53017
-2.60129
-2.71158
-2.78477
-2.7598
-2.64515
-2.50937
-2.43447
-2.43118
-2.46898
-2.50915
-2.53773
-2.54622
-2.52345
-2.47195
-2.41955
-2.40841
-2.45392
-2.50261
-2.51979
-2.51911
-2.51295
-2.49054
-2.49571
-2.55271
-2.58015
-2.52369
-2.40504
-2.31419
-2.32408
-2.43645
-2.57082
-2.6454
-2.63245
-2.54715
-2.43489
-2.35169
-2.32224
-2.31017
-2.29409
-2.30347
-2.41155
-2.57867
-2.71088
-2.75535
-2.72043
-2.65175
-2.58456
-2.55274
-2.5568
-2.59729
-2.69264
-2.80766
-2.87367
-2.8709
-2.83607
-2.81016
-2.79754
-2.78361
-2.77998
-2.79963
-2.82634
-2.83755
-2.82635
-2.80081
-2.76771
-2.71321
-2.64152
-2.5783
-2.58279
-2.67442
-2.81425
-2.91813
-2.94574
-2.97402
-3.0647
-3.15513
-3.16467
-3.08299
-2.9576
-2.84172
-2.76273
-2.70392
-2.65675
-2.61803
-2.59495
-2.5968
-2.64252
-2.73823
-2.85482
-2.92446
-2.89198
-2.77
-2.61708
-2.49976
-2.42777
-2.39771
-2.40922
-2.49325
-2.6162
-2.71562
-2.77119
-2.78363
-2.76298
-2.70876
-2.61679
-2.4961
-2.37942
-2.33767
-2.40965
-2.56929
-2.73936
-2.85742
-2.88799
-2.82326
-2.68593
-2.52264
-2.4003
-2.35543
-2.38271
-2.4232
-2.44041
-2.43129
-2.42869
-2.46396
-2.54333
-2.64576
-2.7446
-2.82372
-2.84948
-2.81862
-2.74377
-2.66056
-2.59982
-2.57931
-2.58865
-2.59909
-2.60072
-2.61636
-2.66189
-2.71881
-2.75735
-2.7644
-2.75214
-2.72245
-2.68057
-2.64161
-2.6154
-2.59595
-2.55403
-2.47709
-2.39342
-2.35949
-2.40129
-2.50375
-2.63105
-2.73782
-2.78653
-2.76916
-2.71973
-2.70786
-2.74043
-2.78375
-2.80486
-2.81614
-2.83357
-2.8702
-2.90929
-2.92723
-2.90245
-2.83042
-2.74151
-2.69369
-2.66782
-2.60953
-2.5115
-2.40641
-2.32816
-2.29408
-2.29475
-2.33196
-2.40922
-2.49644
-2.551
-2.55002
-2.49578
-2.40887
-2.33016
-2.28664
-2.24996
-2.22199
-2.23778
-2.28134
-2.31523
-2.3261
-2.33446
-2.36854
-2.43023
-2.51207
-2.60396
-2.68804
-2.72996
-2.73151
-2.72094
-2.72306
-2.72211
-2.69401
-2.63535
-2.55132
-2.45325
-2.38143
-2.38538
-2.44977
-2.51161
-2.55503
-2.59352
-2.6223
-2.61675
-2.55533
-2.4617
-2.3965
