1.49309
1.80519
2.20228
2.54977
2.78299
2.90351
2.94112
2.92333
2.86546
2.77245
2.6553
2.55183
2.51017
2.54753
2.64536
2.77036
2.88732
2.97382
3.03182
3.07559
3.11176
3.13717
3.14651
3.13486
3.10274
3.06651
3.04941
3.05603
3.07226
3.0805
3.07367
3.06313
3.06853
3.09928
3.13497
3.13835
3.0879
2.99919
2.92765
2.92999
2.99966
3.08356
3.14326
3.16337
3.14192
3.09289
3.03836
2.99158
2.95214
2.90973
2.85493
2.79667
2.75799
2.75206
2.77219
2.7982
2.80763
2.80225
2.80792
2.82682
2.82667
2.79331
2.7463
2.71792
2.74294
2.83294
2.96196
3.09011
3.17776
3.20274
3.18111
3.15243
3.13226
3.11313
3.09561
3.07901
3.05934
3.04005
3.02765
3.02181
3.01332
2.9932
2.95959
2.91506
2.86685
2.82777
2.81
2.81646
2.83572
2.85027
2.85303
2.85489
2.86712
2.87968
2.88177
2.88449
2.90778
2.95509
3.00608
3.04134
3.06634
3.09987
3.14396
3.17295
3.1612
3.11977
3.08587
3.0755
3.07804
3.08976
3.1196
3.16846
3.20232
3.17692
3.08484
2.95399
2.82637
2.74463
2.7285
2.76054
2.81834
2.88992
2.97002
3.05306
3.11965
3.14902
3.13919
3.10417
3.06465
3.0343
3.00886
2.97517
2.93231
2.90681
2.93806
3.02886
3.1408
3.23471
3.2874
3.28975
3.24597
3.18749
3.15772
3.15117
3.14295
3.12858
3.10088
3.05692
3.01867
3.01249
3.03461
3.05386
3.04198
3.00022
2.95763
2.94444
2.96804
3.0115
3.0539
3.08268
3.09212
3.08231
3.06405
3.06345
3.10436
3.16544
3.19243
3.16225
3.09829
3.04225
3.02588
3.0522
3.08537
3.07624
3.01188
2.92375
2.84634
2.78522
2.73753
2.7235
2.76209
2.83204
2.89705
2.93487
2.93977
2.93143
2.93209
2.93121
2.92388
2.93803
2.99096
3.07018
3.14819
3.19468
3.2021
3.18349
3.1512
3.11206
3.07659
3.05628
3.04778
3.03314
2.99967
2.95873
2.94913
3.00636
3.11765
3.22613
3.28189
3.29131
3.3066
3.33261
3.33097
3.28413
3.18888
3.05749
2.92677
2.83369
2.78664
2.77717
2.80295
2.86581
2.95382
3.03867
3.09336
3.10432
3.07764
3.04785
3.05791
3.1018
3.13501
3.13981
3.1196
3.0728
3.01313
2.9825
3.01492
3.08262
3.12015
3.10163
3.05478
3.02638
3.04716
3.10694
3.16413
3.18148
3.14858
3.07873
3.00088
2.95183
2.95929
3.01541
3.07925
3.11233
3.10682
3.08614
3.08033
3.10387
3.15542
3.22243
3.27758
3.29216
3.26016
3.20107
3.14851
3.12907
3.13522
3.12513
3.05281
2.91027
2.7619
2.68716
2.68975
2.74123
2.80901
2.8527
2.8435
2.78925
2.73957
2.75201
2.83705
2.94991
3.04296
3.1057
3.15608
3.20208
3.22415
3.19911
3.12984
3.05185
3.01034
3.02809
3.09701
3.18828
3.26548
3.30156
3.28488
3.21525
3.1035
2.97155
2.84207
2.73176
2.65818
2.63065
2.63416
2.64373
2.64728
2.65607
2.68831
2.74142
2.80233
2.86378
2.92202
2.98221
3.05347
3.12828
3.17992
3.19466
3.19444
3.20598
3.23733
3.28947
3.34729
3.37475
3.33823
3.23244
3.09317
2.98922
2.97493
3.03343
3.10112
3.14289
3.16585
3.18141
3.18695
3.17786
3.15118
3.10667
3.05364
3.00186
2.95264
2.90871
2.89015
2.9237
3.00537
3.09397
3.14756
3.15611
3.14048
3.1296
3.13841
3.16122
3.18526
3.20236
3.20457
3.18437
3.13863
3.07208
3.00248
2.94877
2.9211
2.92971
2.96865
3.0058
3.03308
3.05536
3.05964
3.03198
2.97049
2.89243
2.84687
2.88533
2.97815
3.05048
3.08093
3.10195
3.13671
3.1663
3.16089
3.11684
3.05717
3.00233
2.95507
2.91114
2.86615
2.81485
2.76345
2.72925
2.71474
2.71344
2.71702
2.71857
2.72303
2.72857
2.72364
2.70876
2.70032
2.71766
2.77165
2.85499
2.94414
3.01259
3.04982
3.06838
3.08277
3.09199
3.09113
3.07805
3.04603
2.98869
2.91673
2.86165
2.85068
2.8691
2.87192
2.83769
2.78722
2.75368
2.75451
2.79641
2.87599
2.9676
3.03625
3.06335
3.05253
3.02225
2.9972
2.99526
3.01827
3.05562
3.09087
3.11168
3.11151
3.08515
3.03624
2.97994
2.93164
2.90621
2.9223
2.9882
3.08995
3.19435
3.26186
3.26864
3.21498
3.11512
2.99169
2.88585
2.84661
2.86895
2.89951
2.90515
2.88417
2.85174
2.83294
2.85368
2.91785
2.99281
3.03585
3.02693
2.97323
2.91041
2.89364
2.94968
3.04046
3.1009
3.09431
3.0301
2.96284
2.96656
3.06025
3.18726
3.2796
3.30032
3.24751
3.14348
3.0206
2.91114
2.84288
2.83365
2.88311
2.97053
3.06427
3.13699
3.17076
3.14888
3.05987
2.91731
2.76275
2.64243
2.58374
2.59387
2.66999
2.801
2.9603
3.10792
3.20835
3.24336
3.21414
3.14485
3.07624
3.04237
3.05241
3.09256
3.13961
3.17186
3.17298
3.13303
3.05612
2.97532
2.9357
2.94526
2.9745
2.98837
2.9681
2.92919
2.91382
2.94367
2.99512
3.02758
3.01189
2.94521
2.85451
2.77835
2.74234
2.75316
2.7847
2.79195
2.77503
2.78461
2.84008
2.89377
2.91215
2.91771
2.93497
2.95017
2.95206
2.94935
2.95212
2.9594
2.96099
2.95265
2.94415
2.94451
2.95533
2.97555
3.00453
3.04559
3.10258
3.1723
3.23607
3.27037
3.26656
3.2353
3.18747
3.12316
3.0527
3.00218
2.98965
3.00816
3.03707
3.05963
3.06899
3.07719
3.10799
3.15022
3.16137
3.11796
3.03327
2.95156
2.92324
2.97033
3.0706
3.16527
3.20057
3.16334
3.06635
2.93172
2.80331
2.73302
2.73341
2.77402
2.81498
2.84289
2.88095
2.95833
3.07084
3.1782
3.23867
3.23413
3.17279
3.08612
3.01798
2.99789
3.01918
3.05147
3.0732
3.08051
3.07264
3.04726
3.01675
3.01
3.02255
3.00983
2.95038
2.87204
2.81195
2.7691
2.73284
2.72327
2.76185
2.83914
2.92543
2.99813
3.05818
3.12037
3.18654
3.23659
3.25415
3.24424
3.21903
3.17924
3.12016
3.0442
2.96451
2.91102
2.90502
2.93647
2.97779
3.00072
2.99324
2.96176
2.92067
2.87685
2.83194
2.79015
2.75201
2.72659
2.74299
2.82263
2.94332
3.05572
3.12781
3.1594
3.17222
3.18584
3.19969
3.19954
3.17401
3.11904
3.04005
2.96762
2.94145
2.95586
2.98398
3.01726
3.05861
3.1144
3.1772
3.21585
3.19877
3.12441
3.02984
2.96606
2.94568
2.92828
2.87491
2.7918
2.71619
2.68259
2.70145
2.75758
2.82844
2.89627
2.95218
3.00136
3.05626
3.11735
3.16436
3.17314
3.14004
3.08512
3.03379
3.0039
3.00713
3.04337
3.09425
3.13364
3.14723
3.1428
3.14351
3.17087
3.22774
3.29117
3.32568
3.31
3.24905
3.16144
3.05951
2.94773
2.84482
2.81929
2.91062
3.03478
3.12285
3.16344
3.16167
3.12715
3.06837
2.98646
2.88105
2.76846
2.68865
2.68567
2.77641
2.92711
3.06991
3.14741
3.13813
3.05991
2.96335
2.89307
2.8484
2.81688
2.81699
2.87228
2.96654
3.05646
3.10222
3.07983
2.98618
2.84516
2.70524
2.61959
2.62196
2.70601
2.82735
2.93244
2.98825
3.00651
3.03527
3.09904
3.17342
3.22787
3.25318
3.24944
3.22046
3.17898
3.14258
3.11453
3.07693
3.01775
2.9508
2.9019
2.88143
2.87375
2.85709
2.82921
2.80585
2.79398
2.78549
2.77769
2.78189
2.80484
2.83108
2.8431
2.84486
2.84631
2.84107
2.81925
2.78761
2.76638
2.77551
2.82397
2.89124
2.93949
2.95473
2.94767
2.93337
2.93498
2.97797
3.05117
3.10378
3.09376
3.02113
2.92986
2.8737
2.8674
2.88949
2.91659
2.93688
2.94419
2.93173
2.89772
2.85915
2.84772
2.87412
2.90889
2.92323
2.92288
2.91824
2.90464
2.90641
2.94294
2.96665
2.9332
2.85626
2.79073
2.79051
2.86036
2.95023
3.00564
3.00403
2.95206
2.87812
2.82071
2.79718
2.78857
2.77454
2.77786
2.84157
2.95149
3.04429
3.0797
3.06038
3.0142
2.97132
2.9485
2.94753
2.9718
3.03098
3.10827
3.15768
3.15929
3.13803
3.12075
3.1099
3.10058
3.09801
3.10996
3.12892
3.13704
3.12939
3.11492
3.09398
3.05844
3.00969
2.96736
2.96435
3.02044
3.11209
3.1844
3.20748
3.22286
3.28025
3.34352
3.35789
3.31091
3.22716
3.14836
3.09397
3.05479
3.02175
2.99458
2.97626
2.97437
3.00062
3.06099
3.1381
3.1882
3.17481
3.09977
2.99975
2.91648
2.86593
2.8413
2.84724
2.89928
2.98036
3.051
3.09046
3.10019
3.08797
3.05483
2.99578
2.91388
2.83388
2.79909
2.83952
2.94145
3.05772
3.14164
3.16827
3.13275
3.04588
2.93809
2.85229
2.81755
2.82986
2.85864
2.87342
2.86849
2.86468
2.88598
2.93538
3.00063
3.06894
3.12337
3.14453
3.12606
3.0785
3.02203
2.97877
2.96274
2.96812
2.97469
2.97553
2.98543
3.015
3.05241
3.07901
3.08608
3.0771
3.05936
3.03362
3.00642
2.98875
2.97637
2.9511
2.902
2.84606
2.81931
2.84248
2.90709
2.99121
3.06688
3.10484
3.09544
3.06408
3.05133
3.07088
3.10036
3.1167
3.12243
3.13394
3.15707
3.18315
3.1974
3.18406
3.1376
3.0799
3.04587
3.02924
2.99304
2.92859
2.85628
2.80271
2.7794
2.77897
2.80016
2.8473
2.9055
2.94581
2.95015
2.91672
2.85834
2.80447
2.77312
2.74839
2.72767
2.73348
2.76316
2.78789
2.79528
2.79999
2.81965
2.859
2.91327
2.9761
3.035
3.06832
3.0697
3.06097
3.06034
3.06
3.04416
3.00802
2.95445
2.88873
2.83674
2.83457
2.87318
2.91522
2.94516
2.9697
2.98983
2.98871
2.95147
2.89064
2.84356
1.49309
1.80519
2.20228
2.54977
2.78299
2.90351
2.94112
2.92333
2.86546
2.77245
2.6553
2.55183
2.51017
2.54753
2.64536
2.77036
2.88732
2.97382
3.03182
3.07559
3.11176
3.13717
3.14651
3.13486
3.10274
3.06651
3.04941
3.05603
3.07226
3.0805
3.07367
3.06313
3.06853
3.09928
3.13497
3.13835
3.0879
2.99919
2.92765
2.92999
2.99966
3.08356
3.14326
3.16337
3.14192
3.09289
3.03836
2.99158
2.95214
2.90973
2.85493
2.79667
2.75799
2.75206
2.77219
2.7982
2.80763
2.80225
2.80792
2.82682
2.82667
2.79331
2.7463
2.71792
2.74294
2.83294
2.96196
3.09011
3.17776
3.20274
3.18111
3.15243
3.13226
3.11313
3.09561
3.07901
3.05934
3.04005
3.02765
3.02181
3.01332
2.9932
2.95959
2.91506
2.86685
2.82777
2.81
2.81646
2.83572
2.85027
2.85303
2.85489
2.86712
2.87968
2.88177
2.88449
2.90778
2.95509
3.00608
3.04134
3.06634
3.09987
3.14396
3.17295
3.1612
3.11977
3.08587
3.0755
3.07804
3.08976
3.1196
3.16846
3.20232
3.17692
3.08484
2.95399
2.82637
2.74463
2.7285
2.76054
2.81834
2.88992
2.97002
3.05306
3.11965
3.14902
3.13919
3.10417
3.06465
3.0343
3.00886
2.97517
2.93231
2.90681
2.93806
3.02886
3.1408
3.23471
3.2874
3.28975
3.24597
3.18749
3.15772
3.15117
3.14295
3.12858
3.10088
3.05692
3.01867
3.01249
3.03461
3.05386
3.04198
3.00022
2.95763
2.94444
2.96804
3.0115
3.0539
3.08268
3.09212
3.08231
3.06405
3.06345
3.10436
3.16544
3.19243
3.16225
3.09829
3.04225
3.02588
3.0522
3.08537
3.07624
3.01188
2.92375
2.84634
2.78522
2.73753
2.7235
2.76209
2.83204
2.89705
2.93487
2.93977
2.93143
2.93209
2.93121
2.92388
2.93803
2.99096
3.07018
3.14819
3.19468
3.2021
3.18349
3.1512
3.11206
3.07659
3.05628
3.04778
3.03314
2.99967
2.95873
2.94913
3.00636
3.11765
3.22613
3.28189
3.29131
3.3066
3.33261
3.33097
3.28413
3.18888
3.05749
2.92677
2.83369
2.78664
2.77717
2.80295
2.86581
2.95382
3.03867
3.09336
3.10432
3.07764
3.04785
3.05791
3.1018
3.13501
3.13981
3.1196
3.0728
3.01313
2.9825
3.01492
3.08262
3.12015
3.10163
3.05478
3.02638
3.04716
3.10694
3.16413
3.18148
3.14858
3.07873
3.00088
2.95183
2.95929
3.01541
3.07925
3.11233
3.10682
3.08614
3.08033
3.10387
3.15542
3.22243
3.27758
3.29216
3.26016
3.20107
3.14851
3.12907
3.13522
3.12513
3.05281
2.91027
2.7619
2.68716
2.68975
2.74123
2.80901
2.8527
2.8435
2.78925
2.73957
2.75201
2.83705
2.94991
3.04296
3.1057
3.15608
3.20208
3.22415
3.19911
3.12984
3.05185
3.01034
3.02809
3.09701
3.18828
3.26548
3.30156
3.28488
3.21525
3.1035
2.97155
2.84207
2.73176
2.65818
2.63065
2.63416
2.64373
2.64728
2.65607
2.68831
2.74142
2.80233
2.86378
2.92202
2.98221
3.05347
3.12828
3.17992
3.19466
3.19444
3.20598
3.23733
3.28947
3.34729
3.37475
3.33823
3.23244
3.09317
2.98922
2.97493
3.03343
3.10112
3.14289
3.16585
3.18141
3.18695
3.17786
3.15118
3.10667
3.05364
3.00186
2.95264
2.90871
2.89015
2.9237
3.00537
3.09397
3.14756
3.15611
3.14048
3.1296
3.13841
3.16122
3.18526
3.20236
3.20457
3.18437
3.13863
3.07208
3.00248
2.94877
2.9211
2.92971
2.96865
3.0058
3.03308
3.05536
3.05964
3.03198
2.97049
2.89243
2.84687
2.88533
2.97815
3.05048
3.08093
3.10195
3.13671
3.1663
3.16089
3.11684
3.05717
3.00233
2.95507
2.91114
2.86615
2.81485
2.76345
2.72925
2.71474
2.71344
2.71702
2.71857
2.72303
2.72857
2.72364
2.70876
2.70032
2.71766
2.77165
2.85499
2.94414
3.01259
3.04982
3.06838
3.08277
3.09199
3.09113
3.07805
3.04603
2.98869
2.91673
2.86165
2.85068
2.8691
2.87192
2.83769
2.78722
2.75368
2.75451
2.79641
2.87599
2.9676
3.03625
3.06335
3.05253
3.02225
2.9972
2.99526
3.01827
3.05562
3.09087
3.11168
3.11151
3.08515
3.03624
2.97994
2.93164
2.90621
2.9223
2.9882
3.08995
3.19435
3.26186
3.26864
3.21498
3.11512
2.99169
2.88585
2.84661
2.86895
2.89951
2.90515
2.88417
2.85174
2.83294
2.85368
2.91785
2.99281
3.03585
3.02693
2.97323
2.91041
2.89364
2.94968
3.04046
3.1009
3.09431
3.0301
2.96284
2.96656
3.06025
3.18726
3.2796
3.30032
3.24751
3.14348
3.0206
2.91114
2.84288
2.83365
2.88311
2.97053
3.06427
3.13699
3.17076
3.14888
3.05987
2.91731
2.76275
2.64243
2.58374
2.59387
2.66999
2.801
2.9603
3.10792
3.20835
3.24336
3.21414
3.14485
3.07624
3.04237
3.05241
3.09256
3.13961
3.17186
3.17298
3.13303
3.05612
2.97532
2.9357
2.94526
2.9745
2.98837
2.9681
2.92919
2.91382
2.94367
2.99512
3.02758
3.01189
2.94521
2.85451
2.77835
2.74234
2.75316
2.7847
2.79195
2.77503
2.78461
2.84008
2.89377
2.91215
2.91771
2.93497
2.95017
2.95206
2.94935
2.95212
2.9594
2.96099
2.95265
2.94415
2.94451
2.95533
2.97555
3.00453
3.04559
3.10258
3.1723
3.23607
3.27037
3.26656
3.2353
3.18747
3.12316
3.0527
3.00218
2.98965
3.00816
3.03707
3.05963
3.06899
3.07719
3.10799
3.15022
3.16137
3.11796
3.03327
2.95156
2.92324
2.97033
3.0706
3.16527
3.20057
3.16334
3.06635
2.93172
2.80331
2.73302
2.73341
2.77402
2.81498
2.84289
2.88095
2.95833
3.07084
3.1782
3.23867
3.23413
3.17279
3.08612
3.01798
2.99789
3.01918
3.05147
3.0732
3.08051
3.07264
3.04726
3.01675
3.01
3.02255
3.00983
2.95038
2.87204
2.81195
2.7691
2.73284
2.72327
2.76185
2.83914
2.92543
2.99813
3.05818
3.12037
3.18654
3.23659
3.25415
3.24424
3.21903
3.17924
3.12016
3.0442
2.96451
2.91102
2.90502
2.93647
2.97779
3.00072
2.99324
2.96176
2.92067
2.87685
2.83194
2.79015
2.75201
2.72659
2.74299
2.82263
2.94332
3.05572
3.12781
3.1594
3.17222
3.18584
3.19969
3.19954
3.17401
3.11904
3.04005
2.96762
2.94145
2.95586
2.98398
3.01726
3.05861
3.1144
3.1772
3.21585
3.19877
3.12441
3.02984
2.96606
2.94568
2.92828
2.87491
2.7918
2.71619
2.68259
2.70145
2.75758
2.82844
2.89627
2.95218
3.00136
3.05626
3.11735
3.16436
3.17314
3.14004
3.08512
3.03379
3.0039
3.00713
3.04337
3.09425
3.13364
3.14723
3.1428
3.14351
3.17087
3.22774
3.29117
3.32568
3.31
3.24905
3.16144
3.05951
2.94773
2.84482
2.81929
2.91062
3.03478
3.12285
3.16344
3.16167
3.12715
3.06837
2.98646
2.88105
2.76846
2.68865
2.68567
2.77641
2.92711
3.06991
3.14741
3.13813
3.05991
2.96335
2.89307
2.8484
2.81688
2.81699
2.87228
2.96654
3.05646
3.10222
3.07983
2.98618
2.84516
2.70524
2.61959
2.62196
2.70601
2.82735
2.93244
2.98825
3.00651
3.03527
3.09904
3.17342
3.22787
3.25318
3.24944
3.22046
3.17898
3.14258
3.11453
3.07693
3.01775
2.9508
2.9019
2.88143
2.87375
2.85709
2.82921
2.80585
2.79398
2.78549
2.77769
2.78189
2.80484
2.83108
2.8431
2.84486
2.84631
2.84107
2.81925
2.78761
2.76638
2.77551
2.82397
2.89124
2.93949
2.95473
2.94767
2.93337
2.93498
2.97797
3.05117
3.10378
3.09376
3.02113
2.92986
2.8737
2.8674
2.88949
2.91659
2.93688
2.94419
2.93173
2.89772
2.85915
2.84772
2.87412
2.90889
2.92323
2.92288
2.91824
2.90464
2.90641
2.94294
2.96665
2.9332
2.85626
2.79073
2.79051
2.86036
2.95023
3.00564
3.00403
2.95206
2.87812
2.82071
2.79718
2.78857
2.77454
2.77786
2.84157
2.95149
3.04429
3.0797
3.06038
3.0142
2.97132
2.9485
2.94753
2.9718
3.03098
3.10827
3.15768
3.15929
3.13803
3.12075
3.1099
3.10058
3.09801
3.10996
3.12892
3.13704
3.12939
3.11492
3.09398
3.05844
3.00969
2.96736
2.96435
3.02044
3.11209
3.1844
3.20748
3.22286
3.28025
3.34352
3.35789
3.31091
3.22716
3.14836
3.09397
3.05479
3.02175
2.99458
2.97626
2.97437
3.00062
3.06099
3.1381
3.1882
3.17481
3.09977
2.99975
2.91648
2.86593
2.8413
2.84724
2.89928
2.98036
3.051
3.09046
3.10019
3.08797
3.05483
2.99578
2.91388
2.83388
2.79909
2.83952
2.94145
3.05772
3.14164
3.16827
3.13275
3.04588
2.93809
2.85229
2.81755
2.82986
2.85864
2.87342
2.86849
2.86468
2.88598
2.93538
3.00063
3.06894
3.12337
3.14453
3.12606
3.0785
3.02203
2.97877
2.96274
2.96812
2.97469
2.97553
2.98543
3.015
3.05241
3.07901
3.08608
3.0771
3.05936
3.03362
3.00642
2.98875
2.97637
2.9511
2.902
2.84606
2.81931
2.84248
2.90709
2.99121
3.06688
3.10484
3.09544
3.06408
3.05133
3.07088
3.10036
3.1167
3.12243
3.13394
3.15707
3.18315
3.1974
3.18406
3.1376
3.0799
3.04587
3.02924
2.99304
2.92859
2.85628
2.80271
2.7794
2.77897
2.80016
2.8473
2.9055
2.94581
2.95015
2.91672
2.85834
2.80447
2.77312
2.74839
2.72767
2.73348
2.76316
2.78789
2.79528
2.79999
2.81965
2.859
2.91327
2.9761
3.035
3.06832
3.0697
3.06097
3.06034
3.06
3.04416
3.00802
2.95445
2.88873
2.83674
2.83457
2.87318
2.91522
2.94516
2.9697
2.98983
2.98871
2.95147
2.89064
2.84356
