1.84096
1.81637
1.81689
1.83194
1.85047
1.86548
1.87443
1.87761
1.88241
1.88825
1.88919
1.88188
1.87239
1.85983
1.85234
1.85286
1.85452
1.85983
1.86326
1.86389
1.86517
1.8643
1.86746
1.87312
1.87304
1.87252
1.86929
1.86565
1.86703
1.86925
1.86968
1.86928
1.86392
1.85776
1.85976
1.86354
1.87336
1.87569
1.86917
1.85571
1.85138
1.8541
1.85903
1.86581
1.87519
1.87651
1.87329
1.8696
1.86981
1.87356
1.87623
1.87492
1.87234
1.86755
1.866
1.86557
1.8685
1.86837
1.86534
1.86348
1.87045
1.87762
1.88172
1.87726
1.86727
1.85672
1.85111
1.85657
1.86685
1.87532
1.87711
1.87588
1.87426
1.87427
1.87095
1.87254
1.87325
1.86837
1.86485
1.86576
1.8677
1.8678
1.87003
1.87285
1.87471
1.87384
1.87167
1.87253
1.87437
1.87642
1.87767
1.87355
1.87331
1.87394
1.87158
1.87231
1.8686
1.86917
1.86486
1.86645
1.86576
1.86357
1.86259
1.86981
1.87838
1.8808
1.8761
1.87323
1.87267
1.86973
1.86826
1.86661
1.87205
1.88526
1.89291
1.8922
1.88969
1.88083
1.87212
1.86702
1.86464
1.86219
1.85984
1.85997
1.86287
1.86944
1.87445
1.87689
1.87703
1.87719
1.87951
1.88074
1.87907
1.87361
1.86444
1.85526
1.85727
1.86291
1.8643
1.8713
1.87781
1.87847
1.87316
1.87645
1.8786
1.8802
1.881
1.88159
1.87747
1.87269
1.87129
1.87518
1.88064
1.88412
1.88239
1.87924
1.87504
1.87361
1.87404
1.87603
1.87846
1.87919
1.88192
1.8712
1.86332
1.86641
1.87408
1.8787
1.87943
1.87577
1.86801
1.86331
1.86828
1.87506
1.88181
1.88328
1.88019
1.87542
1.87074
1.86498
1.86012
1.8586
1.86187
1.86467
1.86898
1.86556
1.86247
1.86661
1.86477
1.85859
1.85591
1.85422
1.85944
1.86391
1.86503
1.86741
1.86824
1.8663
1.86302
1.85921
1.85779
1.8634
1.86605
1.86643
1.85775
1.84501
1.83908
1.84125
1.85303
1.85771
1.85698
1.85897
1.86581
1.87305
1.87994
1.88218
1.87885
1.87402
1.87038
1.86681
1.86158
1.85647
1.85739
1.86098
1.86797
1.87174
1.87658
1.8688
1.86161
1.85828
1.85749
1.86078
1.86369
1.86731
1.86631
1.85749
1.84784
1.84905
1.85533
1.86145
1.86316
1.85836
1.85264
1.85599
1.86029
1.86879
1.87572
1.87596
1.87259
1.86737
1.85617
1.85665
1.85982
1.86729
1.873
1.87098
1.86579
1.86058
1.85511
1.85469
1.8585
1.86418
1.87106
1.8761
1.874
1.86891
1.86696
1.87517
1.89027
1.89829
1.89033
1.87819
1.86601
1.86042
1.85995
1.86429
1.87273
1.8798
1.87096
1.85845
1.84877
1.85111
1.85534
1.85738
1.8556
1.86058
1.86514
1.87512
1.87854
1.87754
1.86938
1.85921
1.85351
1.85576
1.86014
1.86567
1.8774
1.88542
1.89046
1.89115
1.8916
1.888
1.87861
1.87301
1.87113
1.87239
1.87292
1.86874
1.86452
1.86352
1.86048
1.86114
1.86182
1.85803
1.85667
1.85586
1.86358
1.86997
1.86989
1.86425
1.86104
1.85691
1.85934
1.86676
1.87707
1.88269
1.88156
1.87021
1.85807
1.85324
1.85832
1.86256
1.86637
1.86745
1.86911
1.87185
1.87407
1.87456
1.87421
1.8705
1.8666
1.86469
1.86
1.85007
1.84533
1.8502
1.85819
1.86538
1.86976
1.86825
1.86438
1.86404
1.86203
1.8614
1.86725
1.87357
1.877
1.87797
1.87699
1.87558
1.86896
1.865
1.86372
1.86688
1.86728
1.87037
1.87642
1.87911
1.88408
1.8821
1.86902
1.85762
1.85612
1.86244
1.86379
1.86163
1.85963
1.8609
1.86864
1.87028
1.87054
1.87181
1.87135
1.87245
1.87084
1.87013
1.86995
1.86762
1.86784
1.86768
1.8675
1.86527
1.86456
1.86991
1.87194
1.87169
1.86972
1.86621
1.86179
1.85449
1.85693
1.8641
1.8685
1.86913
1.87049
1.87404
1.87182
1.87307
1.87763
1.8818
1.87982
1.87505
1.86965
1.86789
1.87376
1.87713
1.87729
1.87224
1.86448
1.85813
1.85143
1.85393
1.85917
1.86526
1.87067
1.87708
1.87189
1.86885
1.86574
1.86394
1.86644
1.86854
1.8738
1.87779
1.87814
1.87531
1.8743
1.86966
1.86031
1.85407
1.85135
1.8556
1.86209
1.87137
1.88044
1.88677
1.88789
1.88105
1.87177
1.86706
1.86721
1.86971
1.87277
1.87328
1.86858
1.86013
1.85455
1.85317
1.86032
1.86979
1.87144
1.87028
1.86002
1.85107
1.85137
1.85776
1.86854
1.87052
1.8646
1.84916
1.84011
1.84346
1.85423
1.86623
1.87975
1.88488
1.88564
1.88121
1.87549
1.8632
1.85435
1.85053
1.85466
1.86105
1.86853
1.87593
1.88279
1.8879
1.88468
1.87865
1.86813
1.85723
1.84504
1.83949
1.83967
1.84338
1.85339
1.862
1.86928
1.87083
1.86485
1.85723
1.85103
1.84706
1.84403
1.84966
1.85761
1.86625
1.86957
1.86414
1.85894
1.85479
1.85617
1.86358
1.86908
1.87119
1.86602
1.85963
1.86137
1.86614
1.87438
1.8798
1.88208
1.87703
1.87055
1.86203
1.86167
1.86507
1.86924
1.86395
1.85882
1.86295
1.86744
1.86865
1.86906
1.87187
1.87183
1.87214
1.87399
1.87147
1.8711
1.87429
1.87366
1.87177
1.86927
1.8667
1.86392
1.86141
1.85702
1.85561
1.86216
1.86491
1.87009
1.87137
1.87346
1.87172
1.86906
1.86274
1.85799
1.85399
1.85498
1.85421
1.8542
1.85282
1.84838
1.8517
1.86079
1.86814
1.86966
1.86541
1.8549
1.84426
1.84119
1.84336
1.85566
1.86736
1.8755
1.88018
1.87422
1.86604
1.8566
1.85635
1.86261
1.86302
1.85869
1.84779
1.84626
1.84926
1.85749
1.86946
1.87851
1.87616
1.86828
1.85937
1.85648
1.8571
1.86025
1.86076
1.85878
1.86363
1.86456
1.86019
1.85942
1.86656
1.87357
1.87435
1.87104
1.86701
1.86342
1.85769
1.84981
1.84466
1.84404
1.84595
1.8486
1.84619
1.84758
1.85052
1.85869
1.86264
1.86259
1.8659
1.86686
1.87032
1.87069
1.86135
1.85633
1.85176
1.85477
1.86
1.86344
1.86746
1.87128
1.87195
1.87142
1.87245
1.87234
1.86968
1.85795
1.85068
1.84951
1.85545
1.86388
1.8675
1.86411
1.86156
1.86227
1.86647
1.87237
1.87998
1.87766
1.87089
1.86146
1.85854
1.85632
1.8571
1.85499
1.85378
1.85548
1.86182
1.87389
1.87867
1.87725
1.87101
1.86698
1.86899
1.87408
1.87515
1.87273
1.86451
1.85647
1.85115
1.84731
1.84653
1.84922
1.84949
1.85033
1.85064
1.85792
1.86853
1.87229
1.87464
1.86986
1.86521
1.86014
1.85531
1.85725
1.85968
1.86378
1.86802
1.86391
1.85743
1.85234
1.85752
1.86263
1.87002
1.87176
1.87541
1.87522
1.87765
1.87105
1.85558
1.84062
1.84164
1.8494
1.85626
1.86547
1.87149
1.87614
1.88078
1.88329
1.88348
1.87469
1.86101
1.84841
1.84728
1.85326
1.86773
1.87831
1.88408
1.88257
1.87602
1.87534
1.87331
1.86631
1.85501
1.85253
1.85448
1.86418
1.87848
1.88666
1.88925
1.88292
1.8693
1.85416
1.84133
1.84354
1.84662
1.85826
1.85892
1.85529
1.85121
1.85227
1.85777
1.86154
1.86738
1.87103
1.87366
1.8707
1.87225
1.87718
1.87957
1.88116
1.8766
1.87342
1.87677
1.8783
1.88336
1.87902
1.87554
1.87596
1.87613
1.87005
1.86932
1.87164
1.87235
1.8728
1.87264
1.87762
1.87876
1.87676
1.8754
1.86896
1.86256
1.86332
1.86724
1.87287
1.87536
1.87715
1.8723
1.86566
1.86517
1.8709
1.88085
1.88655
1.88543
1.87607
1.86993
1.86526
1.86573
1.8676
1.87008
1.87415
1.87463
1.86918
1.86317
1.85726
1.86073
1.86505
1.86521
1.8644
1.86643
1.8639
1.8617
1.86982
1.87611
1.87936
1.8719
1.86168
1.85409
1.85453
1.86305
1.87359
1.88093
1.88229
1.87938
1.87354
1.87269
1.86773
1.86332
1.8508
1.84856
1.85556
1.8642
1.87014
1.86955
1.87243
1.87001
1.86449
1.8604
1.85383
1.85475
1.86286
1.86803
1.87098
1.87096
1.86731
1.86726
1.86703
1.8653
1.86705
1.86801
1.86774
1.87157
1.87325
1.87444
1.87302
1.87273
1.86374
1.85624
1.85389
1.85847
1.86548
1.86027
1.85567
1.86015
1.87216
1.88337
1.88314
1.88083
1.87823
1.87826
1.87586
1.87384
1.86945
1.86476
1.85841
1.85326
1.85233
1.85784
1.87024
1.87965
1.88255
1.87497
1.87112
1.86425
1.86164
1.85566
1.85433
1.86088
1.86451
1.86666
1.86898
1.87348
1.87689
1.87472
1.8714
1.86097
1.84963
1.84288
1.84722
1.85504
1.86441
1.87587
1.8829
1.88449
1.87813
1.8709
1.86208
1.86476
1.86973
1.87144
1.86833
1.86501
1.85975
1.85518
1.85882
1.86133
1.86731
1.87046
1.87398
1.87248
1.86834
1.8648
1.86353
1.86295
1.86258
1.86178
1.86062
1.85981
1.86116
1.86473
1.8635
1.8666
1.86986
1.86803
1.86772
1.86861
1.87262
1.87591
1.87567
1.86947
1.86243
1.85689
1.85576
1.8625
1.87073
1.874
1.87639
1.86913
1.86589
1.86679
1.87019
1.8675
1.86733
1.8654
1.86544
1.86888
1.87364
1.87599
1.87834
1.87511
1.87604
1.88003
1.88139
1.87801
1.87591
1.87502
1.87371
1.86828
1.86173
1.86181
1.86772
1.87521
1.8793
1.87864
1.87654
1.87304
1.87263
1.86951
1.86244
1.8634
1.86661
1.86682
1.86553
1.86094
1.85827
1.85784
1.86018
1.86446
1.87252
1.87305
1.87052
1.86746
1.86789
1.87222
1.87669
1.88036
1.87985
1.87367
1.86647
1.86
1.86122
1.86271
1.86103
1.86244
1.86631
1.87188
1.87425
1.86885
1.84096
1.81637
1.81689
1.83194
1.85047
1.86548
1.87443
1.87761
1.88241
1.88825
1.88919
1.88188
1.87239
1.85983
1.85234
1.85286
1.85452
1.85983
1.86326
1.86389
1.86517
1.8643
1.86746
1.87312
1.87304
1.87252
1.86929
1.86565
1.86703
1.86925
1.86968
1.86928
1.86392
1.85776
1.85976
1.86354
1.87336
1.87569
1.86917
1.85571
1.85138
1.8541
1.85903
1.86581
1.87519
1.87651
1.87329
1.8696
1.86981
1.87356
1.87623
1.87492
1.87234
1.86755
1.866
1.86557
1.8685
1.86837
1.86534
1.86348
1.87045
1.87762
1.88172
1.87726
1.86727
1.85672
1.85111
1.85657
1.86685
1.87532
1.87711
1.87588
1.87426
1.87427
1.87095
1.87254
1.87325
1.86837
1.86485
1.86576
1.8677
1.8678
1.87003
1.87285
1.87471
1.87384
1.87167
1.87253
1.87437
1.87642
1.87767
1.87355
1.87331
1.87394
1.87158
1.87231
1.8686
1.86917
1.86486
1.86645
1.86576
1.86357
1.86259
1.86981
1.87838
1.8808
1.8761
1.87323
1.87267
1.86973
1.86826
1.86661
1.87205
1.88526
1.89291
1.8922
1.88969
1.88083
1.87212
1.86702
1.86464
1.86219
1.85984
1.85997
1.86287
1.86944
1.87445
1.87689
1.87703
1.87719
1.87951
1.88074
1.87907
1.87361
1.86444
1.85526
1.85727
1.86291
1.8643
1.8713
1.87781
1.87847
1.87316
1.87645
1.8786
1.8802
1.881
1.88159
1.87747
1.87269
1.87129
1.87518
1.88064
1.88412
1.88239
1.87924
1.87504
1.87361
1.87404
1.87603
1.87846
1.87919
1.88192
1.8712
1.86332
1.86641
1.87408
1.8787
1.87943
1.87577
1.86801
1.86331
1.86828
1.87506
1.88181
1.88328
1.88019
1.87542
1.87074
1.86498
1.86012
1.8586
1.86187
1.86467
1.86898
1.86556
1.86247
1.86661
1.86477
1.85859
1.85591
1.85422
1.85944
1.86391
1.86503
1.86741
1.86824
1.8663
1.86302
1.85921
1.85779
1.8634
1.86605
1.86643
1.85775
1.84501
1.83908
1.84125
1.85303
1.85771
1.85698
1.85897
1.86581
1.87305
1.87994
1.88218
1.87885
1.87402
1.87038
1.86681
1.86158
1.85647
1.85739
1.86098
1.86797
1.87174
1.87658
1.8688
1.86161
1.85828
1.85749
1.86078
1.86369
1.86731
1.86631
1.85749
1.84784
1.84905
1.85533
1.86145
1.86316
1.85836
1.85264
1.85599
1.86029
1.86879
1.87572
1.87596
1.87259
1.86737
1.85617
1.85665
1.85982
1.86729
1.873
1.87098
1.86579
1.86058
1.85511
1.85469
1.8585
1.86418
1.87106
1.8761
1.874
1.86891
1.86696
1.87517
1.89027
1.89829
1.89033
1.87819
1.86601
1.86042
1.85995
1.86429
1.87273
1.8798
1.87096
1.85845
1.84877
1.85111
1.85534
1.85738
1.8556
1.86058
1.86514
1.87512
1.87854
1.87754
1.86938
1.85921
1.85351
1.85576
1.86014
1.86567
1.8774
1.88542
1.89046
1.89115
1.8916
1.888
1.87861
1.87301
1.87113
1.87239
1.87292
1.86874
1.86452
1.86352
1.86048
1.86114
1.86182
1.85803
1.85667
1.85586
1.86358
1.86997
1.86989
1.86425
1.86104
1.85691
1.85934
1.86676
1.87707
1.88269
1.88156
1.87021
1.85807
1.85324
1.85832
1.86256
1.86637
1.86745
1.86911
1.87185
1.87407
1.87456
1.87421
1.8705
1.8666
1.86469
1.86
1.85007
1.84533
1.8502
1.85819
1.86538
1.86976
1.86825
1.86438
1.86404
1.86203
1.8614
1.86725
1.87357
1.877
1.87797
1.87699
1.87558
1.86896
1.865
1.86372
1.86688
1.86728
1.87037
1.87642
1.87911
1.88408
1.8821
1.86902
1.85762
1.85612
1.86244
1.86379
1.86163
1.85963
1.8609
1.86864
1.87028
1.87054
1.87181
1.87135
1.87245
1.87084
1.87013
1.86995
1.86762
1.86784
1.86768
1.8675
1.86527
1.86456
1.86991
1.87194
1.87169
1.86972
1.86621
1.86179
1.85449
1.85693
1.8641
1.8685
1.86913
1.87049
1.87404
1.87182
1.87307
1.87763
1.8818
1.87982
1.87505
1.86965
1.86789
1.87376
1.87713
1.87729
1.87224
1.86448
1.85813
1.85143
1.85393
1.85917
1.86526
1.87067
1.87708
1.87189
1.86885
1.86574
1.86394
1.86644
1.86854
1.8738
1.87779
1.87814
1.87531
1.8743
1.86966
1.86031
1.85407
1.85135
1.8556
1.86209
1.87137
1.88044
1.88677
1.88789
1.88105
1.87177
1.86706
1.86721
1.86971
1.87277
1.87328
1.86858
1.86013
1.85455
1.85317
1.86032
1.86979
1.87144
1.87028
1.86002
1.85107
1.85137
1.85776
1.86854
1.87052
1.8646
1.84916
1.84011
1.84346
1.85423
1.86623
1.87975
1.88488
1.88564
1.88121
1.87549
1.8632
1.85435
1.85053
1.85466
1.86105
1.86853
1.87593
1.88279
1.8879
1.88468
1.87865
1.86813
1.85723
1.84504
1.83949
1.83967
1.84338
1.85339
1.862
1.86928
1.87083
1.86485
1.85723
1.85103
1.84706
1.84403
1.84966
1.85761
1.86625
1.86957
1.86414
1.85894
1.85479
1.85617
1.86358
1.86908
1.87119
1.86602
1.85963
1.86137
1.86614
1.87438
1.8798
1.88208
1.87703
1.87055
1.86203
1.86167
1.86507
1.86924
1.86395
1.85882
1.86295
1.86744
1.86865
1.86906
1.87187
1.87183
1.87214
1.87399
1.87147
1.8711
1.87429
1.87366
1.87177
1.86927
1.8667
1.86392
1.86141
1.85702
1.85561
1.86216
1.86491
1.87009
1.87137
1.87346
1.87172
1.86906
1.86274
1.85799
1.85399
1.85498
1.85421
1.8542
1.85282
1.84838
1.8517
1.86079
1.86814
1.86966
1.86541
1.8549
1.84426
1.84119
1.84336
1.85566
1.86736
1.8755
1.88018
1.87422
1.86604
1.8566
1.85635
1.86261
1.86302
1.85869
1.84779
1.84626
1.84926
1.85749
1.86946
1.87851
1.87616
1.86828
1.85937
1.85648
1.8571
1.86025
1.86076
1.85878
1.86363
1.86456
1.86019
1.85942
1.86656
1.87357
1.87435
1.87104
1.86701
1.86342
1.85769
1.84981
1.84466
1.84404
1.84595
1.8486
1.84619
1.84758
1.85052
1.85869
1.86264
1.86259
1.8659
1.86686
1.87032
1.87069
1.86135
1.85633
1.85176
1.85477
1.86
1.86344
1.86746
1.87128
1.87195
1.87142
1.87245
1.87234
1.86968
1.85795
1.85068
1.84951
1.85545
1.86388
1.8675
1.86411
1.86156
1.86227
1.86647
1.87237
1.87998
1.87766
1.87089
1.86146
1.85854
1.85632
1.8571
1.85499
1.85378
1.85548
1.86182
1.87389
1.87867
1.87725
1.87101
1.86698
1.86899
1.87408
1.87515
1.87273
1.86451
1.85647
1.85115
1.84731
1.84653
1.84922
1.84949
1.85033
1.85064
1.85792
1.86853
1.87229
1.87464
1.86986
1.86521
1.86014
1.85531
1.85725
1.85968
1.86378
1.86802
1.86391
1.85743
1.85234
1.85752
1.86263
1.87002
1.87176
1.87541
1.87522
1.87765
1.87105
1.85558
1.84062
1.84164
1.8494
1.85626
1.86547
1.87149
1.87614
1.88078
1.88329
1.88348
1.87469
1.86101
1.84841
1.84728
1.85326
1.86773
1.87831
1.88408
1.88257
1.87602
1.87534
1.87331
1.86631
1.85501
1.85253
1.85448
1.86418
1.87848
1.88666
1.88925
1.88292
1.8693
1.85416
1.84133
1.84354
1.84662
1.85826
1.85892
1.85529
1.85121
1.85227
1.85777
1.86154
1.86738
1.87103
1.87366
1.8707
1.87225
1.87718
1.87957
1.88116
1.8766
1.87342
1.87677
1.8783
1.88336
1.87902
1.87554
1.87596
1.87613
1.87005
1.86932
1.87164
1.87235
1.8728
1.87264
1.87762
1.87876
1.87676
1.8754
1.86896
1.86256
1.86332
1.86724
1.87287
1.87536
1.87715
1.8723
1.86566
1.86517
1.8709
1.88085
1.88655
1.88543
1.87607
1.86993
1.86526
1.86573
1.8676
1.87008
1.87415
1.87463
1.86918
1.86317
1.85726
1.86073
1.86505
1.86521
1.8644
1.86643
1.8639
1.8617
1.86982
1.87611
1.87936
1.8719
1.86168
1.85409
1.85453
1.86305
1.87359
1.88093
1.88229
1.87938
1.87354
1.87269
1.86773
1.86332
1.8508
1.84856
1.85556
1.8642
1.87014
1.86955
1.87243
1.87001
1.86449
1.8604
1.85383
1.85475
1.86286
1.86803
1.87098
1.87096
1.86731
1.86726
1.86703
1.8653
1.86705
1.86801
1.86774
1.87157
1.87325
1.87444
1.87302
1.87273
1.86374
1.85624
1.85389
1.85847
1.86548
1.86027
1.85567
1.86015
1.87216
1.88337
1.88314
1.88083
1.87823
1.87826
1.87586
1.87384
1.86945
1.86476
1.85841
1.85326
1.85233
1.85784
1.87024
1.87965
1.88255
1.87497
1.87112
1.86425
1.86164
1.85566
1.85433
1.86088
1.86451
1.86666
1.86898
1.87348
1.87689
1.87472
1.8714
1.86097
1.84963
1.84288
1.84722
1.85504
1.86441
1.87587
1.8829
1.88449
1.87813
1.8709
1.86208
1.86476
1.86973
1.87144
1.86833
1.86501
1.85975
1.85518
1.85882
1.86133
1.86731
1.87046
1.87398
1.87248
1.86834
1.8648
1.86353
1.86295
1.86258
1.86178
1.86062
1.85981
1.86116
1.86473
1.8635
1.8666
1.86986
1.86803
1.86772
1.86861
1.87262
1.87591
1.87567
1.86947
1.86243
1.85689
1.85576
1.8625
1.87073
1.874
1.87639
1.86913
1.86589
1.86679
1.87019
1.8675
1.86733
1.8654
1.86544
1.86888
1.87364
1.87599
1.87834
1.87511
1.87604
1.88003
1.88139
1.87801
1.87591
1.87502
1.87371
1.86828
1.86173
1.86181
1.86772
1.87521
1.8793
1.87864
1.87654
1.87304
1.87263
1.86951
1.86244
1.8634
1.86661
1.86682
1.86553
1.86094
1.85827
1.85784
1.86018
1.86446
1.87252
1.87305
1.87052
1.86746
1.86789
1.87222
1.87669
1.88036
1.87985
1.87367
1.86647
1.86
1.86122
1.86271
1.86103
1.86244
1.86631
1.87188
1.87425
1.86885
