2.23963
2.70779
3.30342
3.82465
4.17448
4.35526
4.41167
4.38499
4.2982
4.15868
3.98295
3.82774
3.76525
3.82129
3.96804
4.15555
4.33099
4.46073
4.54773
4.61338
4.66765
4.70575
4.71976
4.7023
4.65412
4.59977
4.57412
4.58405
4.6084
4.62075
4.61051
4.59469
4.6028
4.64893
4.70246
4.70753
4.63185
4.49878
4.39148
4.39498
4.49949
4.62533
4.71489
4.74506
4.71288
4.63933
4.55753
4.48737
4.4282
4.3646
4.2824
4.19501
4.13699
4.12809
4.15829
4.19729
4.21144
4.20337
4.21189
4.24023
4.24
4.18997
4.11946
4.07687
4.11441
4.24941
4.44294
4.63516
4.76664
4.80411
4.77167
4.72865
4.69838
4.6697
4.64342
4.61852
4.589
4.56008
4.54147
4.53271
4.51998
4.4898
4.43938
4.37259
4.30028
4.24166
4.215
4.22469
4.25358
4.27541
4.27954
4.28234
4.30068
4.31953
4.32266
4.32673
4.36167
4.43264
4.50912
4.56201
4.59951
4.64981
4.71595
4.75943
4.7418
4.67966
4.62881
4.61325
4.61706
4.63464
4.6794
4.7527
4.80348
4.76538
4.62725
4.43098
4.23955
4.11694
4.09275
4.14081
4.22751
4.33488
4.45503
4.5796
4.67948
4.72353
4.70878
4.65626
4.59698
4.55144
4.51329
4.46275
4.39847
4.36021
4.40709
4.54329
4.71119
4.85206
4.93111
4.93462
4.86895
4.78124
4.73658
4.72675
4.71443
4.69287
4.65133
4.58538
4.52801
4.51873
4.55191
4.58078
4.56297
4.50032
4.43644
4.41666
4.45205
4.51726
4.58085
4.62401
4.63817
4.62347
4.59608
4.59518
4.65654
4.74816
4.78864
4.74337
4.64744
4.56338
4.53883
4.5783
4.62805
4.61436
4.51782
4.38562
4.26951
4.17783
4.1063
4.08526
4.14314
4.24806
4.34558
4.40231
4.40965
4.39714
4.39814
4.39681
4.38581
4.40704
4.48644
4.60526
4.72228
4.79202
4.80315
4.77524
4.72681
4.66809
4.61488
4.58442
4.57168
4.54971
4.4995
4.4381
4.42369
4.50954
4.67648
4.83919
4.92284
4.93696
4.9599
4.99891
4.99645
4.92619
4.78332
4.58624
4.39015
4.25054
4.17996
4.16576
4.20442
4.29871
4.43073
4.558
4.64004
4.65648
4.61645
4.57178
4.58687
4.65269
4.70252
4.70972
4.6794
4.6092
4.5197
4.47375
4.52238
4.62394
4.68022
4.65245
4.58217
4.53958
4.57075
4.66041
4.74619
4.77222
4.72286
4.61809
4.50132
4.42775
4.43894
4.52312
4.61887
4.66849
4.66023
4.6292
4.6205
4.6558
4.73312
4.83364
4.91636
4.93824
4.89024
4.8016
4.72277
4.6936
4.70283
4.68769
4.57921
4.3654
4.14285
4.03074
4.03463
4.11185
4.21352
4.27905
4.26525
4.18387
4.10935
4.12801
4.25558
4.42486
4.56445
4.65855
4.73411
4.80312
4.83623
4.79867
4.69476
4.57778
4.51552
4.54213
4.64552
4.78242
4.89822
4.95233
4.92732
4.82287
4.65524
4.45732
4.26311
4.09764
3.98727
3.94598
3.95123
3.96559
3.97091
3.9841
4.03246
4.11213
4.2035
4.29567
4.38303
4.47332
4.58021
4.69242
4.76988
4.79199
4.79165
4.80898
4.856
4.93421
5.02093
5.06213
5.00735
4.84866
4.63976
4.48383
4.4624
4.55014
4.65168
4.71433
4.74878
4.77211
4.78043
4.76679
4.72677
4.66001
4.58046
4.50279
4.42896
4.36306
4.33522
4.38555
4.50806
4.64095
4.72135
4.73416
4.71072
4.69439
4.70762
4.74183
4.77789
4.80354
4.80686
4.77656
4.70795
4.60812
4.50371
4.42316
4.38164
4.39456
4.45298
4.5087
4.54961
4.58305
4.58946
4.54797
4.45573
4.33865
4.27031
4.32799
4.46723
4.57572
4.62139
4.65292
4.70506
4.74944
4.74133
4.67527
4.58576
4.5035
4.43261
4.36671
4.29922
4.22227
4.14518
4.09388
4.07212
4.07016
4.07553
4.07786
4.08455
4.09286
4.08546
4.06315
4.05048
4.07649
4.15747
4.28248
4.4162
4.51888
4.57473
4.60257
4.62416
4.63798
4.6367
4.61708
4.56904
4.48304
4.37509
4.29248
4.27602
4.30365
4.30788
4.25653
4.18083
4.13052
4.13177
4.19462
4.31399
4.4514
4.55437
4.59502
4.57879
4.53338
4.4958
4.49289
4.5274
4.58343
4.63631
4.66752
4.66726
4.62773
4.55436
4.4699
4.39746
4.35931
4.38345
4.4823
4.63492
4.79152
4.89279
4.90296
4.82248
4.67267
4.48753
4.32877
4.26992
4.30342
4.34927
4.35773
4.32626
4.2776
4.24941
4.28052
4.37677
4.48921
4.55378
4.5404
4.45984
4.36562
4.34046
4.42452
4.56069
4.65135
4.64146
4.54515
4.44426
4.44984
4.59037
4.78089
4.91941
4.95049
4.87127
4.71522
4.53091
4.36671
4.26432
4.25047
4.32466
4.4558
4.5964
4.70549
4.75614
4.72332
4.5898
4.37597
4.14413
3.96365
3.87561
3.8908
4.00498
4.2015
4.44045
4.66188
4.81252
4.86504
4.82121
4.71728
4.61436
4.56356
4.57862
4.63884
4.70942
4.7578
4.75947
4.69955
4.58417
4.46298
4.40355
4.41789
4.46175
4.48256
4.45215
4.39379
4.37073
4.4155
4.49269
4.54137
4.51784
4.41781
4.28177
4.16752
4.11351
4.12974
4.17705
4.18793
4.16254
4.17691
4.26012
4.34066
4.36822
4.37656
4.40246
4.42526
4.42809
4.42402
4.42818
4.4391
4.44149
4.42898
4.41623
4.41677
4.433
4.46333
4.5068
4.56839
4.65386
4.75846
4.85411
4.90556
4.89984
4.85295
4.7812
4.68474
4.57905
4.50327
4.48447
4.51223
4.55561
4.58944
4.60348
4.61578
4.66199
4.72532
4.74206
4.67693
4.5499
4.42735
4.38486
4.45549
4.6059
4.7479
4.80086
4.74501
4.59953
4.39758
4.20496
4.09953
4.10012
4.16104
4.22247
4.26434
4.32143
4.43749
4.60625
4.7673
4.858
4.8512
4.75919
4.62918
4.52697
4.49684
4.52877
4.57721
4.6098
4.62076
4.60895
4.57088
4.52512
4.51501
4.53383
4.51474
4.42558
4.30806
4.21792
4.15365
4.09926
4.08491
4.14278
4.25871
4.38815
4.4972
4.58726
4.68056
4.77981
4.85488
4.88123
4.86636
4.82854
4.76887
4.68024
4.56629
4.44677
4.36654
4.35752
4.40471
4.46669
4.50108
4.48985
4.44264
4.38101
4.31527
4.24791
4.18523
4.12802
4.08988
4.11448
4.23394
4.41498
4.58358
4.69171
4.7391
4.75833
4.77876
4.79953
4.79931
4.76101
4.67856
4.56008
4.45143
4.41217
4.43379
4.47597
4.52589
4.58792
4.6716
4.7658
4.82378
4.79816
4.68662
4.54475
4.44909
4.41852
4.39242
4.31237
4.1877
4.07429
4.02389
4.05217
4.13636
4.24266
4.34441
4.42827
4.50204
4.58438
4.67602
4.74653
4.75971
4.71007
4.62768
4.55068
4.50586
4.5107
4.56506
4.64137
4.70046
4.72084
4.71419
4.71526
4.75631
4.8416
4.93676
4.98852
4.965
4.87358
4.74216
4.58927
4.4216
4.26723
4.22894
4.36593
4.55216
4.68427
4.74517
4.74251
4.69073
4.60255
4.47969
4.32158
4.15269
4.03298
4.02851
4.16461
4.39067
4.60487
4.72112
4.70719
4.58987
4.44503
4.3396
4.27261
4.22532
4.22548
4.30841
4.44981
4.58469
4.65332
4.61974
4.47927
4.26773
4.05786
3.92939
3.93294
4.05902
4.24103
4.39867
4.48237
4.50977
4.5529
4.64856
4.76013
4.8418
4.87977
4.87416
4.83069
4.76847
4.71387
4.6718
4.6154
4.52662
4.4262
4.35285
4.32215
4.31062
4.28563
4.24382
4.20878
4.19097
4.17824
4.16654
4.17284
4.20726
4.24662
4.26465
4.26729
4.26947
4.26161
4.22888
4.18142
4.14958
4.16327
4.23595
4.33685
4.40924
4.43209
4.42151
4.40006
4.40247
4.46696
4.57675
4.65566
4.64065
4.5317
4.3948
4.31055
4.30111
4.33423
4.37488
4.40532
4.41629
4.3976
4.34658
4.28873
4.27158
4.31118
4.36334
4.38484
4.38432
4.37736
4.35696
4.35961
4.41441
4.44998
4.3998
4.2844
4.18609
4.18576
4.29053
4.42535
4.50845
4.50605
4.42808
4.31718
4.23106
4.19578
4.18285
4.16182
4.16679
4.26235
4.42723
4.56644
4.61955
4.59057
4.5213
4.45699
4.42275
4.42129
4.4577
4.54647
4.66241
4.73652
4.73893
4.70705
4.68113
4.66485
4.65088
4.64701
4.66493
4.69339
4.70556
4.69409
4.67239
4.64096
4.58766
4.51454
4.45103
4.44652
4.53066
4.66814
4.7766
4.81123
4.83428
4.92037
5.01528
5.03683
4.96636
4.84074
4.72254
4.64096
4.58218
4.53262
4.49187
4.4644
4.46156
4.50092
4.59149
4.70715
4.7823
4.76221
4.64965
4.49963
4.37473
4.29889
4.26196
4.27087
4.34892
4.47053
4.5765
4.63569
4.65029
4.63196
4.58224
4.49368
4.37083
4.25082
4.19864
4.25928
4.41217
4.58658
4.71246
4.7524
4.69913
4.56883
4.40714
4.27843
4.22633
4.24479
4.28796
4.31013
4.30273
4.29702
4.32897
4.40307
4.50094
4.60342
4.68505
4.71679
4.68909
4.61775
4.53304
4.46815
4.44411
4.45218
4.46204
4.46329
4.47814
4.5225
4.57862
4.61851
4.62912
4.61564
4.58905
4.55043
4.50963
4.48313
4.46456
4.42665
4.353
4.26909
4.22896
4.26372
4.36064
4.48681
4.60032
4.65726
4.64316
4.59612
4.57699
4.60631
4.65053
4.67505
4.68364
4.70091
4.7356
4.77473
4.79611
4.77609
4.7064
4.61984
4.5688
4.54386
4.48956
4.39288
4.28443
4.20407
4.1691
4.16846
4.20024
4.27094
4.35824
4.41872
4.42523
4.37508
4.28751
4.2067
4.15968
4.12258
4.0915
4.10022
4.14474
4.18184
4.19292
4.19999
4.22948
4.2885
4.36991
4.46414
4.5525
4.60247
4.60455
4.59146
4.59052
4.59
4.56624
4.51203
4.43167
4.3331
4.25511
4.25185
4.30977
4.37283
4.41774
4.45456
4.48474
4.48307
4.42721
4.33596
4.26535
2.23963
2.70779
3.30342
3.82465
4.17448
4.35526
4.41167
4.38499
4.2982
4.15868
3.98295
3.82774
3.76525
3.82129
3.96804
4.15555
4.33099
4.46073
4.54773
4.61338
4.66765
4.70575
4.71976
4.7023
4.65412
4.59977
4.57412
4.58405
4.6084
4.62075
4.61051
4.59469
4.6028
4.64893
4.70246
4.70753
4.63185
4.49878
4.39148
4.39498
4.49949
4.62533
4.71489
4.74506
4.71288
4.63933
4.55753
4.48737
4.4282
4.3646
4.2824
4.19501
4.13699
4.12809
4.15829
4.19729
4.21144
4.20337
4.21189
4.24023
4.24
4.18997
4.11946
4.07687
4.11441
4.24941
4.44294
4.63516
4.76664
4.80411
4.77167
4.72865
4.69838
4.6697
4.64342
4.61852
4.589
4.56008
4.54147
4.53271
4.51998
4.4898
4.43938
4.37259
4.30028
4.24166
4.215
4.22469
4.25358
4.27541
4.27954
4.28234
4.30068
4.31953
4.32266
4.32673
4.36167
4.43264
4.50912
4.56201
4.59951
4.64981
4.71595
4.75943
4.7418
4.67966
4.62881
4.61325
4.61706
4.63464
4.6794
4.7527
4.80348
4.76538
4.62725
4.43098
4.23955
4.11694
4.09275
4.14081
4.22751
4.33488
4.45503
4.5796
4.67948
4.72353
4.70878
4.65626
4.59698
4.55144
4.51329
4.46275
4.39847
4.36021
4.40709
4.54329
4.71119
4.85206
4.93111
4.93462
4.86895
4.78124
4.73658
4.72675
4.71443
4.69287
4.65133
4.58538
4.52801
4.51873
4.55191
4.58078
4.56297
4.50032
4.43644
4.41666
4.45205
4.51726
4.58085
4.62401
4.63817
4.62347
4.59608
4.59518
4.65654
4.74816
4.78864
4.74337
4.64744
4.56338
4.53883
4.5783
4.62805
4.61436
4.51782
4.38562
4.26951
4.17783
4.1063
4.08526
4.14314
4.24806
4.34558
4.40231
4.40965
4.39714
4.39814
4.39681
4.38581
4.40704
4.48644
4.60526
4.72228
4.79202
4.80315
4.77524
4.72681
4.66809
4.61488
4.58442
4.57168
4.54971
4.4995
4.4381
4.42369
4.50954
4.67648
4.83919
4.92284
4.93696
4.9599
4.99891
4.99645
4.92619
4.78332
4.58624
4.39015
4.25054
4.17996
4.16576
4.20442
4.29871
4.43073
4.558
4.64004
4.65648
4.61645
4.57178
4.58687
4.65269
4.70252
4.70972
4.6794
4.6092
4.5197
4.47375
4.52238
4.62394
4.68022
4.65245
4.58217
4.53958
4.57075
4.66041
4.74619
4.77222
4.72286
4.61809
4.50132
4.42775
4.43894
4.52312
4.61887
4.66849
4.66023
4.6292
4.6205
4.6558
4.73312
4.83364
4.91636
4.93824
4.89024
4.8016
4.72277
4.6936
4.70283
4.68769
4.57921
4.3654
4.14285
4.03074
4.03463
4.11185
4.21352
4.27905
4.26525
4.18387
4.10935
4.12801
4.25558
4.42486
4.56445
4.65855
4.73411
4.80312
4.83623
4.79867
4.69476
4.57778
4.51552
4.54213
4.64552
4.78242
4.89822
4.95233
4.92732
4.82287
4.65524
4.45732
4.26311
4.09764
3.98727
3.94598
3.95123
3.96559
3.97091
3.9841
4.03246
4.11213
4.2035
4.29567
4.38303
4.47332
4.58021
4.69242
4.76988
4.79199
4.79165
4.80898
4.856
4.93421
5.02093
5.06213
5.00735
4.84866
4.63976
4.48383
4.4624
4.55014
4.65168
4.71433
4.74878
4.77211
4.78043
4.76679
4.72677
4.66001
4.58046
4.50279
4.42896
4.36306
4.33522
4.38555
4.50806
4.64095
4.72135
4.73416
4.71072
4.69439
4.70762
4.74183
4.77789
4.80354
4.80686
4.77656
4.70795
4.60812
4.50371
4.42316
4.38164
4.39456
4.45298
4.5087
4.54961
4.58305
4.58946
4.54797
4.45573
4.33865
4.27031
4.32799
4.46723
4.57572
4.62139
4.65292
4.70506
4.74944
4.74133
4.67527
4.58576
4.5035
4.43261
4.36671
4.29922
4.22227
4.14518
4.09388
4.07212
4.07016
4.07553
4.07786
4.08455
4.09286
4.08546
4.06315
4.05048
4.07649
4.15747
4.28248
4.4162
4.51888
4.57473
4.60257
4.62416
4.63798
4.6367
4.61708
4.56904
4.48304
4.37509
4.29248
4.27602
4.30365
4.30788
4.25653
4.18083
4.13052
4.13177
4.19462
4.31399
4.4514
4.55437
4.59502
4.57879
4.53338
4.4958
4.49289
4.5274
4.58343
4.63631
4.66752
4.66726
4.62773
4.55436
4.4699
4.39746
4.35931
4.38345
4.4823
4.63492
4.79152
4.89279
4.90296
4.82248
4.67267
4.48753
4.32877
4.26992
4.30342
4.34927
4.35773
4.32626
4.2776
4.24941
4.28052
4.37677
4.48921
4.55378
4.5404
4.45984
4.36562
4.34046
4.42452
4.56069
4.65135
4.64146
4.54515
4.44426
4.44984
4.59037
4.78089
4.91941
4.95049
4.87127
4.71522
4.53091
4.36671
4.26432
4.25047
4.32466
4.4558
4.5964
4.70549
4.75614
4.72332
4.5898
4.37597
4.14413
3.96365
3.87561
3.8908
4.00498
4.2015
4.44045
4.66188
4.81252
4.86504
4.82121
4.71728
4.61436
4.56356
4.57862
4.63884
4.70942
4.7578
4.75947
4.69955
4.58417
4.46298
4.40355
4.41789
4.46175
4.48256
4.45215
4.39379
4.37073
4.4155
4.49269
4.54137
4.51784
4.41781
4.28177
4.16752
4.11351
4.12974
4.17705
4.18793
4.16254
4.17691
4.26012
4.34066
4.36822
4.37656
4.40246
4.42526
4.42809
4.42402
4.42818
4.4391
4.44149
4.42898
4.41623
4.41677
4.433
4.46333
4.5068
4.56839
4.65386
4.75846
4.85411
4.90556
4.89984
4.85295
4.7812
4.68474
4.57905
4.50327
4.48447
4.51223
4.55561
4.58944
4.60348
4.61578
4.66199
4.72532
4.74206
4.67693
4.5499
4.42735
4.38486
4.45549
4.6059
4.7479
4.80086
4.74501
4.59953
4.39758
4.20496
4.09953
4.10012
4.16104
4.22247
4.26434
4.32143
4.43749
4.60625
4.7673
4.858
4.8512
4.75919
4.62918
4.52697
4.49684
4.52877
4.57721
4.6098
4.62076
4.60895
4.57088
4.52512
4.51501
4.53383
4.51474
4.42558
4.30806
4.21792
4.15365
4.09926
4.08491
4.14278
4.25871
4.38815
4.4972
4.58726
4.68056
4.77981
4.85488
4.88123
4.86636
4.82854
4.76887
4.68024
4.56629
4.44677
4.36654
4.35752
4.40471
4.46669
4.50108
4.48985
4.44264
4.38101
4.31527
4.24791
4.18523
4.12802
4.08988
4.11448
4.23394
4.41498
4.58358
4.69171
4.7391
4.75833
4.77876
4.79953
4.79931
4.76101
4.67856
4.56008
4.45143
4.41217
4.43379
4.47597
4.52589
4.58792
4.6716
4.7658
4.82378
4.79816
4.68662
4.54475
4.44909
4.41852
4.39242
4.31237
4.1877
4.07429
4.02389
4.05217
4.13636
4.24266
4.34441
4.42827
4.50204
4.58438
4.67602
4.74653
4.75971
4.71007
4.62768
4.55068
4.50586
4.5107
4.56506
4.64137
4.70046
4.72084
4.71419
4.71526
4.75631
4.8416
4.93676
4.98852
4.965
4.87358
4.74216
4.58927
4.4216
4.26723
4.22894
4.36593
4.55216
4.68427
4.74517
4.74251
4.69073
4.60255
4.47969
4.32158
4.15269
4.03298
4.02851
4.16461
4.39067
4.60487
4.72112
4.70719
4.58987
4.44503
4.3396
4.27261
4.22532
4.22548
4.30841
4.44981
4.58469
4.65332
4.61974
4.47927
4.26773
4.05786
3.92939
3.93294
4.05902
4.24103
4.39867
4.48237
4.50977
4.5529
4.64856
4.76013
4.8418
4.87977
4.87416
4.83069
4.76847
4.71387
4.6718
4.6154
4.52662
4.4262
4.35285
4.32215
4.31062
4.28563
4.24382
4.20878
4.19097
4.17824
4.16654
4.17284
4.20726
4.24662
4.26465
4.26729
4.26947
4.26161
4.22888
4.18142
4.14958
4.16327
4.23595
4.33685
4.40924
4.43209
4.42151
4.40006
4.40247
4.46696
4.57675
4.65566
4.64065
4.5317
4.3948
4.31055
4.30111
4.33423
4.37488
4.40532
4.41629
4.3976
4.34658
4.28873
4.27158
4.31118
4.36334
4.38484
4.38432
4.37736
4.35696
4.35961
4.41441
4.44998
4.3998
4.2844
4.18609
4.18576
4.29053
4.42535
4.50845
4.50605
4.42808
4.31718
4.23106
4.19578
4.18285
4.16182
4.16679
4.26235
4.42723
4.56644
4.61955
4.59057
4.5213
4.45699
4.42275
4.42129
4.4577
4.54647
4.66241
4.73652
4.73893
4.70705
4.68113
4.66485
4.65088
4.64701
4.66493
4.69339
4.70556
4.69409
4.67239
4.64096
4.58766
4.51454
4.45103
4.44652
4.53066
4.66814
4.7766
4.81123
4.83428
4.92037
5.01528
5.03683
4.96636
4.84074
4.72254
4.64096
4.58218
4.53262
4.49187
4.4644
4.46156
4.50092
4.59149
4.70715
4.7823
4.76221
4.64965
4.49963
4.37473
4.29889
4.26196
4.27087
4.34892
4.47053
4.5765
4.63569
4.65029
4.63196
4.58224
4.49368
4.37083
4.25082
4.19864
4.25928
4.41217
4.58658
4.71246
4.7524
4.69913
4.56883
4.40714
4.27843
4.22633
4.24479
4.28796
4.31013
4.30273
4.29702
4.32897
4.40307
4.50094
4.60342
4.68505
4.71679
4.68909
4.61775
4.53304
4.46815
4.44411
4.45218
4.46204
4.46329
4.47814
4.5225
4.57862
4.61851
4.62912
4.61564
4.58905
4.55043
4.50963
4.48313
4.46456
4.42665
4.353
4.26909
4.22896
4.26372
4.36064
4.48681
4.60032
4.65726
4.64316
4.59612
4.57699
4.60631
4.65053
4.67505
4.68364
4.70091
4.7356
4.77473
4.79611
4.77609
4.7064
4.61984
4.5688
4.54386
4.48956
4.39288
4.28443
4.20407
4.1691
4.16846
4.20024
4.27094
4.35824
4.41872
4.42523
4.37508
4.28751
4.2067
4.15968
4.12258
4.0915
4.10022
4.14474
4.18184
4.19292
4.19999
4.22948
4.2885
4.36991
4.46414
4.5525
4.60247
4.60455
4.59146
4.59052
4.59
4.56624
4.51203
4.43167
4.3331
4.25511
4.25185
4.30977
4.37283
4.41774
4.45456
4.48474
4.48307
4.42721
4.33596
4.26535
