              1         1.5181         1.5181              0
              2        1.44723        1.48267      0.0354351
              3         1.2309        1.39875      0.0863801
              4        1.29998        1.37406      0.0658818
              5        1.31018        1.36128      0.0526067
              6        1.45192        1.37639      0.0455321
              7        1.36017        1.37407      0.0385513
              8        1.44821        1.38334      0.0346487
              9        1.43087        1.38862      0.0310102
             10         1.4953        1.39929      0.0297171
             11        0.90875        1.35469       0.052069
             12        1.06252        1.33034      0.0534055
             13        1.51344        1.34443      0.0511049
             14        1.40931        1.34906      0.0475404
             15        1.05621        1.32954      0.0483727
             16        1.14697        1.31813      0.0466651
             17        1.04758        1.30221      0.0466338
             18        1.50809        1.31365      0.0454301
             19        1.26707         1.3112      0.0430424
             20        1.35629        1.31345      0.0408958
             21        1.23161        1.30956      0.0390945
             22        1.48347        1.31746      0.0381041
             23        1.22264        1.31334      0.0366424
             24        1.47192        1.31995      0.0356993
             25        1.46642        1.32581      0.0347392
             26        1.25082        1.32292      0.0335007
             27        1.62597        1.33415      0.0341342
             28        1.68964        1.34684      0.0352578
             29        1.48259        1.35152      0.0343408
             30        1.47733        1.35572      0.0334404
             31        1.32768        1.35481      0.0323563
             32        1.28767        1.35271      0.0313991
             33       0.972758         1.3412      0.0325379
             34        1.08891        1.33378      0.0324268
             35        1.62414        1.34208      0.0325613
             36        1.33652        1.34192      0.0316443
             37        1.29005        1.34052      0.0308091
             38        1.15899        1.33574      0.0303654
             39        1.13134         1.3305      0.0300374
             40        1.79897        1.34221      0.0315324
             41        1.33347          1.342      0.0307545
             42        1.13316        1.33703      0.0304224
             43       0.999547        1.32918      0.0307258
             44        1.51785        1.33347       0.030324
             45        1.53486        1.33794      0.0299785
             46        1.35526        1.33832      0.0293219
             47        1.07865        1.33279      0.0292184
             48        1.05968         1.3271      0.0291636
             49        1.43489         1.3293      0.0286468
             50        1.44536        1.33162      0.0281639
