0.346475   -0.0944954   -0.0430056
0.193202   -0.276497   -0.191438
-0.230951   0.472798   -0.0181651
-0.109   -0.354707   0.481529
0.157366   0.295761   -0.237955
-0.349387   0.364824   -0.462541
0.484643   0.0641508   -0.195844
0.0541925   -0.313812   -0.351046
0.265983   0.0142181   0.276079
-0.158867   0.0117877   -0.203939
0.0360291   -0.493976   -0.437866
-0.372633   0.164279   0.217158
-0.0880312   0.337687   -0.42082
-0.224256   -0.249387   -0.271032
0.0473988   0.281909   0.225315
0.39855   0.0863967   0.0892602
-0.066002   -0.400914   -0.0365154
0.208552   0.1942   0.181317
0.333548   0.213879   -0.170237
-0.28626   0.0758294   0.0546269
0.44166   0.0366244   0.341259
-0.476526   0.084334   -0.443552
-0.0673424   -0.00259006   0.355328
0.315439   0.478987   0.362824
-0.0448182   0.441935   0.0976783
0.38818   -0.479494   0.0557459
0.00825744   0.0751124   0.19186
0.186347   0.050021   -0.125682
0.348744   0.38825   -0.309498
0.0048064   -0.199966   0.0603498
-0.0656823   0.385727   -0.119598
0.282367   0.0111784   0.492332
-0.461783   -0.437137   0.423243
-0.130073   0.179484   -0.104172
-0.152193   -0.271302   0.166877
0.238807   -0.214351   -0.477654
0.354748   0.288179   0.0362518
-0.496046   -0.292154   -0.0106149
-0.402873   -0.247419   -0.395583
-0.456315   -0.0167058   0.189086
0.102808   -0.0946021   0.29428
-0.00941029   0.0142314   0.0154433
0.244986   -0.392472   -0.358343
-0.462171   0.382258   -0.107694
0.436248   0.436351   0.219146
0.429279   -0.416287   -0.186225
-0.366951   -0.183007   0.145179
-0.25679   -0.332547   0.0230283
0.0830616   -0.100731   -0.491322
-0.0817302   -0.147955   -0.413522
0.345817   -0.343865   0.413249
-0.424298   0.181651   0.405486
-0.366968   -0.1818   -0.1341
0.171946   0.346818   -0.426579
-0.244497   0.413324   -0.281791
-0.0799185   -0.203249   0.348488
-0.437736   -0.0451273   -0.00668488
-0.327572   -0.438953   -0.379264
-0.263238   0.219438   -0.259497
0.209237   0.0122742   0.0684314
0.0174025   0.274566   0.429555
0.48347   -0.362629   0.225421
-0.384489   0.403311   0.308803
0.215469   -0.494402   0.186224
0.0656936   -0.485248   -0.213916
-0.302125   -0.409117   -0.174034
-0.215769   -0.470496   0.196097
-0.201195   0.372523   0.381119
0.200803   -0.195391   0.140595
0.288125   -0.313946   -0.0347264
0.447816   -0.20069   -0.229112
-0.203124   0.167644   0.358048
0.120343   0.306204   0.0153891
-0.188806   0.0882404   -0.455506
0.118473   -0.345569   0.444566
-0.459165   0.24471   -0.263405
-0.424006   -0.466384   0.0346977
-0.232255   0.298976   0.175113
0.124033   0.451006   0.365344
0.4304   0.341213   0.479855
-0.183554   -0.148053   -0.0612611
0.289835   -0.0268702   -0.313499
-0.0107643   -0.239524   -0.165678
0.136209   -0.451016   0.000776402
0.0194507   0.0891987   -0.406709
-0.449867   0.161242   -0.0168713
-0.0612018   0.477474   0.300994
0.0526416   -0.0911614   -0.278824
0.06444   -0.338336   0.236646
-0.28002   0.285993   -0.0657156
-0.423639   0.332035   0.0912558
0.265999   -0.183042   0.320367
-0.278486   -0.00828883   0.316015
0.227872   0.253771   0.389769
0.0988451   0.0738536   0.401518
0.413634   -0.155008   0.164405
0.276193   0.452828   -0.100683
-0.261877   -0.320563   0.34691
0.21297   0.140481   -0.372863
0.150193   -0.143862   -0.0501417
-0.152582   -0.0572337   0.167102
0.469978   -0.485074   -0.397456
0.024201   0.133123   -0.230369
0.438918   0.218314   0.230769
-0.114771   -0.430246   -0.277451
-0.351683   0.0302034   -0.297098
-0.462239   -0.245614   0.400518
-0.246533   -0.111514   0.471504
