#   N_BLOCK:  ACCEPTANCE:
           11.000000000000e+00
           21.000000000000e+00
           31.000000000000e+00
           41.000000000000e+00
           51.000000000000e+00
           61.000000000000e+00
           71.000000000000e+00
           81.000000000000e+00
           91.000000000000e+00
          101.000000000000e+00
          111.000000000000e+00
          121.000000000000e+00
          131.000000000000e+00
          141.000000000000e+00
          151.000000000000e+00
          161.000000000000e+00
          171.000000000000e+00
          181.000000000000e+00
          191.000000000000e+00
          201.000000000000e+00
          211.000000000000e+00
          221.000000000000e+00
          231.000000000000e+00
          241.000000000000e+00
          251.000000000000e+00
          261.000000000000e+00
          271.000000000000e+00
          281.000000000000e+00
          291.000000000000e+00
          301.000000000000e+00
          311.000000000000e+00
          321.000000000000e+00
          331.000000000000e+00
          341.000000000000e+00
          351.000000000000e+00
          361.000000000000e+00
          371.000000000000e+00
          381.000000000000e+00
          391.000000000000e+00
          401.000000000000e+00
          411.000000000000e+00
          421.000000000000e+00
          431.000000000000e+00
          441.000000000000e+00
          451.000000000000e+00
          461.000000000000e+00
          471.000000000000e+00
          481.000000000000e+00
          491.000000000000e+00
          501.000000000000e+00
