-0.306649   -0.441035   -0.285412
-0.134644   -0.241268   -0.297332
-0.311066   -0.262155   -0.137082
-0.141234   -0.425117   -0.133252
0.0378171   -0.425453   -0.288912
0.208396   -0.2604   -0.297375
0.046749   -0.240225   -0.134162
0.189749   -0.428337   -0.109975
0.357726   -0.423583   -0.268563
-0.496557   -0.255279   -0.280739
0.349686   -0.238401   -0.125061
-0.469276   -0.440357   -0.12383
-0.293144   -0.0878074   -0.309864
-0.134276   0.0725398   -0.284588
-0.299701   0.0584539   -0.112879
-0.144214   -0.0926916   -0.13817
0.0312474   -0.0819645   -0.306516
0.173969   0.0750568   -0.291171
0.0087019   0.0673274   -0.108346
0.178081   -0.0751356   -0.11117
0.350505   -0.0917994   -0.308735
-0.463819   0.0743665   -0.306252
0.35463   0.0607962   -0.128273
-0.479584   -0.0805188   -0.12475
-0.312683   0.241297   -0.293033
-0.124291   0.404166   -0.289922
-0.312452   0.392072   -0.139119
-0.150018   0.234294   -0.119959
0.0395199   0.245776   -0.268753
0.192419   0.401842   -0.278897
0.0318924   0.414163   -0.102897
0.181318   0.233675   -0.0981573
0.346167   0.247962   -0.294733
-0.483515   0.400458   -0.29429
0.354695   0.412192   -0.109829
-0.499921   0.243063   -0.138846
-0.309317   -0.430753   0.0304662
-0.147965   -0.26413   0.0351719
-0.29906   -0.261526   0.204322
-0.147267   -0.441217   0.207921
0.0162123   -0.423732   0.0556656
0.214203   -0.247877   0.0578615
0.0208536   -0.270368   0.227886
0.183574   -0.440158   0.212537
0.358388   -0.424126   0.0486206
-0.480675   -0.268815   0.0444497
0.357001   -0.259081   0.243252
-0.480739   -0.419218   0.224603
-0.332504   -0.107511   0.0530944
-0.155347   0.0616506   0.0456074
-0.321658   0.0783675   0.190963
-0.153293   -0.0991103   0.196897
0.0269732   -0.111261   0.0759455
0.184846   0.0759889   0.0695101
0.0139455   0.0806182   0.21129
0.18711   -0.100581   0.215895
0.351399   -0.0862532   0.0526963
-0.499289   0.074025   0.0760489
0.34547   0.0624837   0.227862
-0.467962   -0.114012   0.225084
-0.32307   0.238384   0.0353143
-0.152988   0.399976   0.0275335
-0.325148   0.432966   0.21463
-0.151522   0.271734   0.198048
0.0084518   0.23019   0.0435552
0.202112   0.401603   0.0598641
0.0267223   0.407927   0.21158
0.188022   0.230034   0.216716
0.340953   0.235136   0.0549315
-0.474827   0.400397   0.0439483
0.36744   0.39156   0.211085
-0.47041   0.243392   0.209992
-0.303894   -0.433192   0.386766
-0.136359   -0.264374   0.381267
-0.312899   -0.267189   -0.440594
-0.131967   -0.428572   -0.431334
0.0277301   -0.434556   0.395498
0.192811   -0.280789   0.397239
0.0327086   -0.266407   -0.454358
0.192899   -0.432647   -0.435543
0.339995   -0.445774   0.376123
-0.465028   -0.265014   0.389262
0.368163   -0.269169   -0.466626
-0.474785   -0.431084   -0.443258
-0.292315   -0.0826419   0.373993
-0.12679   0.0747037   0.383444
-0.306743   0.0794356   -0.47683
-0.154451   -0.0978624   -0.466833
0.0158747   -0.105515   0.3843
0.192429   0.0683156   0.385921
0.0221557   0.0792051   -0.450661
0.184725   -0.0861353   -0.456765
0.358215   -0.098965   0.385121
-0.49789   0.0873839   0.370339
0.352489   0.0649517   -0.4541
-0.462683   -0.0879216   -0.469084
-0.29428   0.264772   0.374293
-0.138626   0.423153   0.374052
-0.295979   0.412509   -0.458261
-0.146474   0.254504   -0.452447
0.0110291   0.244537   0.369435
0.185077   0.387201   0.373504
0.0150672   0.408631   -0.465139
0.186896   0.233419   -0.458743
0.349424   0.234654   0.374914
-0.47606   0.421696   0.375368
0.343796   0.391586   -0.461136
-0.478447   0.257876   -0.473493
