              1       -6.10005       -6.10005              0
              2       -5.80295        -5.9515       0.148552
              3       -5.63278       -5.84526       0.136539
              4       -5.77482       -5.82765      0.0981402
              5        -5.7792       -5.81796       0.076634
              6        -5.6675       -5.79288      0.0674097
              7       -5.57853       -5.76226      0.0646798
              8       -5.58017        -5.7395      0.0604624
              9       -5.64894       -5.72944      0.0542638
             10       -5.66406        -5.7229      0.0489733
             11       -5.57843       -5.70977      0.0462041
             12       -5.52332       -5.69423       0.044949
             13        -5.5069       -5.67982      0.0437862
             14       -5.49198        -5.6664      0.0427009
             15       -5.60105       -5.66205      0.0399904
             16        -5.5846        -5.6572      0.0377194
             17        -5.5509       -5.65095      0.0359788
             18       -5.52146       -5.64376      0.0346756
             19       -5.55379       -5.63902      0.0331398
             20       -5.49338       -5.63174      0.0322715
             21       -5.62252        -5.6313      0.0306995
             22       -5.51065       -5.62582      0.0297801
             23       -5.41856       -5.61681      0.0298485
             24       -5.41596       -5.60844       0.029778
             25       -5.36746        -5.5988      0.0301447
             26       -5.47459       -5.59402      0.0293534
             27       -5.45193       -5.58876      0.0287314
             28       -5.45059       -5.58382      0.0281226
             29       -5.50356       -5.58106      0.0272763
             30       -5.51359       -5.57881      0.0264472
             31       -5.40813        -5.5733      0.0261657
             32       -5.50552       -5.57118      0.0254232
             33       -5.58885       -5.57172      0.0246466
             34       -5.52054       -5.57021       0.023958
             35       -5.49568       -5.56808      0.0233607
             36       -5.53802       -5.56725      0.0227179
             37       -5.52782       -5.56618       0.022121
             38       -5.48551       -5.56406      0.0216355
             39       -5.45742       -5.56133      0.0212501
             40       -5.59439       -5.56215      0.0207285
             41       -5.47692       -5.56007      0.0203232
             42        -5.5367       -5.55952      0.0198412
             43       -5.53271       -5.55889      0.0193843
             44       -5.48778       -5.55728      0.0190075
             45       -5.51066       -5.55624      0.0186091
             46       -5.53559       -5.55579      0.0182056
             47       -5.50431        -5.5547      0.0178477
             48       -5.41486       -5.55178      0.0177131
             49        -5.4893       -5.55051      0.0173947
             50       -5.56348       -5.55077      0.0170452
             51       -5.50764       -5.54992       0.016729
             52       -5.47841       -5.54855      0.0164617
             53       -5.40667       -5.54587      0.0163685
             54       -5.43009       -5.54373       0.016205
             55        -5.5435       -5.54372      0.0159076
             56       -5.48763       -5.54272      0.0156531
             57       -5.46189        -5.5413      0.0154413
             58       -5.41929        -5.5392      0.0153178
             59        -5.4407       -5.53753      0.0151483
             60       -5.46374        -5.5363      0.0149443
             61       -5.43337       -5.53461      0.0147939
             62       -5.44473       -5.53316      0.0146253
             63       -5.49891       -5.53262      0.0144016
             64       -5.47532       -5.53172       0.014203
             65       -5.44073       -5.53032      0.0140527
             66       -5.37511       -5.52797      0.0140365
             67       -5.39381       -5.52597      0.0139697
             68       -5.46055       -5.52501      0.0137963
             69         -5.544       -5.52528      0.0135977
             70       -5.45015       -5.52421      0.0134449
             71       -5.40744       -5.52256      0.0133559
             72       -5.39692       -5.52082      0.0132842
             73       -5.40685       -5.51926      0.0131936
             74       -5.34091       -5.51685      0.0132354
             75       -5.45617       -5.51604      0.0130828
             76        -5.4617       -5.51532      0.0129293
             77       -5.48226        -5.5149      0.0127675
             78       -5.50473       -5.51476      0.0126034
             79       -5.57834       -5.51557      0.0124689
             80       -5.51067       -5.51551      0.0123122
             81       -5.41576       -5.51428      0.0122214
             82       -5.43477       -5.51331      0.0121103
             83       -5.52288       -5.51342      0.0119641
             84       -5.46373       -5.51283      0.0118356
             85        -5.5745       -5.51356       0.011718
             86       -5.57392       -5.51426      0.0116022
             87       -5.48307        -5.5139      0.0114737
             88       -5.39274       -5.51252      0.0114258
             89       -5.33643       -5.51054      0.0114686
             90       -5.37097       -5.50899       0.011446
             91       -5.45563       -5.50841      0.0113347
             92       -5.57026       -5.50908       0.011231
             93       -5.51316       -5.50912      0.0111097
             94       -5.52688       -5.50931      0.0109925
             95       -5.48482       -5.50905      0.0108792
             96       -5.48912       -5.50885      0.0107673
             97       -5.39877       -5.50771       0.010716
             98       -5.48698        -5.5075      0.0106082
             99       -5.52671       -5.50769      0.0105023
            100       -5.50023       -5.50762       0.010397
            101       -5.57009       -5.50824      0.0103121
            102       -5.48841       -5.50804      0.0102123
            103       -5.39737       -5.50697      0.0101696
            104       -5.47105       -5.50662      0.0100773
            105       -5.41238       -5.50573      0.0100211
            106       -5.37389       -5.50448      0.0100037
            107       -5.43859       -5.50387     0.00992893
            108       -5.46752       -5.50353     0.00984232
            109       -5.47504       -5.50327     0.00975511
            110       -5.45963       -5.50287     0.00967416
            111       -5.45514       -5.50244     0.00959625
            112       -5.47461       -5.50219     0.00951343
            113       -5.51085       -5.50227     0.00942917
            114       -5.46103       -5.50191     0.00935309
            115       -5.51826       -5.50205      0.0092725
            116       -5.60716       -5.50296     0.00923676
            117       -5.45235       -5.50252     0.00916769
            118       -5.43151       -5.50192     0.00910956
            119       -5.54737        -5.5023     0.00904076
            120       -5.50972       -5.50237     0.00896532
            121       -5.60918       -5.50325     0.00893463
            122       -5.55401       -5.50367     0.00887086
            123       -5.46306       -5.50334     0.00880463
            124       -5.56658       -5.50385     0.00874822
            125       -5.51613       -5.50394     0.00867851
            126       -5.45682       -5.50357     0.00861748
            127       -5.41613       -5.50288     0.00857703
            128        -5.4144       -5.50219     0.00853779
            129       -5.47217       -5.50196     0.00847454
            130       -5.42611       -5.50137     0.00842931
            131       -5.41393       -5.50071     0.00839131
            132       -5.44539       -5.50029     0.00833803
            133       -5.33921       -5.49908     0.00836326
            134       -5.45872       -5.49877     0.00830608
            135       -5.42671       -5.49824     0.00826158
            136       -5.41976       -5.49766     0.00822089
            137       -5.45503       -5.49735     0.00816659
            138       -5.43872       -5.49693     0.00811833
            139       -5.49011       -5.49688     0.00805986
            140       -5.41039       -5.49626     0.00802589
            141       -5.42791       -5.49578      0.0079835
            142       -5.43969       -5.49538     0.00793691
            143       -5.43804       -5.49498     0.00789141
            144       -5.41338       -5.49441     0.00785687
            145       -5.39149        -5.4937     0.00783472
            146       -5.43868       -5.49333     0.00778999
            147       -5.49439       -5.49333     0.00773682
            148       -5.41586       -5.49281     0.00770218
            149       -5.42519       -5.49236     0.00766376
            150       -5.43351       -5.49196      0.0076226
            151       -5.40135       -5.49136     0.00759569
            152       -5.42369       -5.49092     0.00755868
            153       -5.48998       -5.49091     0.00750912
            154       -5.36811       -5.49012      0.0075027
            155       -5.33265        -5.4891     0.00752305
            156       -5.39635       -5.48851     0.00749828
            157       -5.44851       -5.48825     0.00745472
            158       -5.50837       -5.48838     0.00740848
            159        -5.5807       -5.48896      0.0073846
            160       -5.55173       -5.48935     0.00734878
            161        -5.4711       -5.48924     0.00730388
            162       -5.49435       -5.48927     0.00725872
            163       -5.50088       -5.48934      0.0072144
            164       -5.49833       -5.48939     0.00717048
            165       -5.49537       -5.48943     0.00712699
            166        -5.5831          -5.49     0.00710636
            167       -5.46353       -5.48984     0.00706546
            168       -5.49852       -5.48989     0.00702347
            169       -5.56509       -5.49033     0.00699595
            170       -5.53111       -5.49057     0.00695881
            171       -5.54282       -5.49088     0.00692474
            172       -5.52863        -5.4911     0.00688786
            173       -5.42564       -5.49072     0.00685837
            174       -5.48109       -5.49066     0.00681907
            175       -5.39072       -5.49009       0.006804
            176       -5.49941       -5.49015     0.00676544
            177       -5.53736       -5.49041     0.00673239
            178       -5.52821       -5.49063     0.00669783
            179        -5.4422       -5.49035      0.0066658
            180        -5.4076        -5.4899     0.00664459
            181       -5.39392       -5.48937     0.00662901
            182       -5.39154       -5.48883     0.00661436
            183        -5.4453       -5.48859     0.00658242
            184       -5.43408       -5.48829     0.00655325
            185       -5.41959       -5.48792      0.0065283
            186       -5.49995       -5.48799     0.00649343
            187       -5.39255       -5.48748     0.00647874
            188       -5.42663       -5.48715     0.00645231
            189       -5.53832       -5.48742     0.00642379
            190       -5.61053       -5.48807     0.00642266
            191       -5.52996       -5.48829     0.00639271
            192       -5.49225       -5.48831     0.00635936
            193       -5.55994       -5.48868      0.0063372
            194       -5.64672        -5.4895     0.00635686
            195       -5.57486       -5.48993     0.00633931
            196       -5.58799       -5.49044      0.0063267
            197       -5.51002       -5.49053     0.00629528
            198       -5.47098       -5.49044     0.00626419
            199       -5.45519       -5.49026     0.00623515
            200       -5.46279       -5.49012     0.00620541
            201       -5.42649        -5.4898     0.00618257
            202       -5.44509       -5.48958     0.00615587
            203       -5.29311       -5.48862     0.00620146
            204       -5.45669       -5.48846     0.00617297
            205       -5.37289        -5.4879      0.0061686
            206       -5.35652       -5.48726     0.00617163
            207       -5.38389       -5.48676     0.00616201
            208       -5.41809       -5.48643     0.00614119
            209       -5.42844       -5.48615     0.00611803
            210       -5.45211       -5.48599     0.00609098
            211        -5.4101       -5.48563     0.00607271
            212       -5.47822       -5.48559      0.0060441
            213       -5.39786       -5.48518     0.00602974
            214       -5.30887       -5.48436     0.00605778
            215       -5.52432       -5.48454      0.0060324
            216       -5.46264       -5.48444     0.00600527
            217       -5.52568       -5.48463     0.00598055
            218       -5.46389       -5.48454     0.00595381
            219       -5.46678       -5.48446     0.00592712
            220       -5.51715       -5.48461     0.00590199
            221       -5.49277       -5.48464     0.00587534
            222       -5.57407       -5.48504     0.00586267
            223       -5.53757       -5.48528     0.00584107
            224       -5.58034        -5.4857      0.0058304
            225       -5.58589       -5.48615     0.00582148
            226       -5.59079       -5.48661     0.00581413
            227       -5.53029       -5.48681     0.00579166
            228       -5.55217       -5.48709     0.00577332
            229       -5.40683       -5.48674     0.00575873
            230        -5.4064       -5.48639     0.00574427
            231       -5.50618       -5.48648     0.00571999
            232        -5.4882       -5.48649     0.00569529
            233       -5.57462       -5.48686     0.00568339
            234        -5.6166       -5.48742     0.00568615
            235       -5.49595       -5.48745     0.00566201
            236       -5.47506        -5.4874     0.00563822
            237        -5.5258       -5.48756     0.00561671
            238       -5.43956       -5.48736      0.0055967
            239        -5.5514       -5.48763     0.00557967
            240       -5.51822       -5.48776     0.00555783
            241       -5.52504       -5.48791     0.00553689
            242       -5.38091       -5.48747     0.00553166
            243       -5.48259       -5.48745     0.00550888
            244       -5.48289       -5.48743     0.00548629
            245       -5.39693       -5.48706     0.00547633
            246        -5.4556       -5.48693     0.00545552
            247       -5.39342       -5.48656     0.00544656
            248       -5.53871       -5.48677     0.00542863
            249       -5.53269       -5.48695     0.00540993
            250       -5.37439        -5.4865     0.00540702
            251       -5.49938       -5.48655     0.00538568
            252       -5.43377       -5.48634     0.00536836
            253       -5.49582       -5.48638     0.00534723
            254       -5.60552       -5.48685     0.00534675
            255       -5.58923       -5.48725     0.00534085
            256       -5.52973       -5.48742     0.00532254
            257        -5.5619       -5.48771      0.0053097
            258       -5.59437       -5.48812     0.00530521
            259        -5.4692       -5.48805     0.00528519
            260       -5.62186       -5.48856     0.00528993
            261       -5.58116       -5.48892     0.00528155
            262       -5.46317       -5.48882     0.00526227
            263       -5.56801       -5.48912     0.00525086
            264       -5.57552       -5.48945     0.00524116
            265       -5.52234       -5.48957     0.00522282
            266       -5.45421       -5.48944     0.00520485
            267       -5.42439       -5.48919     0.00519104
            268       -5.46768       -5.48911     0.00517225
            269       -5.33452       -5.48854     0.00518494
            270       -5.40608       -5.48823     0.00517472
            271       -5.42023       -5.48798     0.00516169
            272        -5.2964       -5.48728     0.00519069
            273       -5.39328       -5.48693     0.00518309
            274       -5.31126       -5.48629     0.00520379
            275       -5.47861       -5.48626     0.00518491
            276       -5.54427       -5.48647     0.00517036
            277       -5.51805       -5.48659     0.00515292
            278       -5.55784       -5.48684     0.00514075
            279       -5.46291       -5.48676     0.00512301
            280       -5.39241       -5.48642     0.00511579
            281       -5.52569       -5.48656     0.00509946
            282       -5.54681       -5.48678     0.00508584
            283       -5.51584       -5.48688     0.00506887
            284       -5.51496       -5.48698     0.00505196
            285        -5.2805       -5.48625     0.00508607
            286       -5.39571       -5.48594     0.00507813
            287       -5.50299         -5.486     0.00506076
            288       -5.49154       -5.48601     0.00504319
            289       -5.52696       -5.48616     0.00502771
            290        -5.4755       -5.48612     0.00501047
            291       -5.47643       -5.48609     0.00499334
            292       -5.41823       -5.48585     0.00498163
            293       -5.44503       -5.48571     0.00496655
            294       -5.51125        -5.4858     0.00495039
            295       -5.55352       -5.48603     0.00493892
            296       -5.50435       -5.48609      0.0049226
            297       -5.50316       -5.48615     0.00490633
            298       -5.41512       -5.48591     0.00489565
            299       -5.47759       -5.48588     0.00487932
            300       -5.48471       -5.48588     0.00486303
            301       -5.43871       -5.48572     0.00484938
            302       -5.44713        -5.4856     0.00483499
            303       -5.56375       -5.48585      0.0048259
            304       -5.51277       -5.48594     0.00481082
            305       -5.55636       -5.48617     0.00480057
            306       -5.53834       -5.48634      0.0047879
            307       -5.46376       -5.48627     0.00477284
            308       -5.44906       -5.48615     0.00475885
            309        -5.4981       -5.48619     0.00474359
            310       -5.49122        -5.4862     0.00472829
            311        -5.4745       -5.48617     0.00471321
            312       -5.50423       -5.48622     0.00469843
            313       -5.43653       -5.48607     0.00468609
            314       -5.46867       -5.48601     0.00467147
            315       -5.49949       -5.48605     0.00465681
            316       -5.42182       -5.48585      0.0046465
            317       -5.41829       -5.48564     0.00463672
            318       -5.45803       -5.48555     0.00462293
            319       -5.50033        -5.4856     0.00460865
            320       -5.50088       -5.48564     0.00459447
            321       -5.63734       -5.48612     0.00460445
            322       -5.57047       -5.48638      0.0045976
            323       -5.49959       -5.48642     0.00458353
            324       -5.43524       -5.48626     0.00457209
            325       -5.53035        -5.4864     0.00456002
            326        -5.4862        -5.4864     0.00454601
            327       -5.46786       -5.48634     0.00453244
            328       -5.44739       -5.48622     0.00452016
            329       -5.46483       -5.48616     0.00450687
            330       -5.49383       -5.48618     0.00449325
            331       -5.51754       -5.48627     0.00448066
            332       -5.46812       -5.48622     0.00446748
            333       -5.33849       -5.48578     0.00447608
            334       -5.41143       -5.48555      0.0044682
            335       -5.40213        -5.4853      0.0044618
            336       -5.48271        -5.4853     0.00444851
            337       -5.44135       -5.48517     0.00443721
            338        -5.4583       -5.48509     0.00442477
            339       -5.42665       -5.48491     0.00441507
            340       -5.48066        -5.4849     0.00440208
            341       -5.39956       -5.48465     0.00439628
            342       -5.47817       -5.48463     0.00438345
            343       -5.36168       -5.48427     0.00438532
            344       -5.41767       -5.48408     0.00437684
            345       -5.45545         -5.484     0.00436493
            346       -5.36881       -5.48366     0.00436501
            347       -5.42283       -5.48349     0.00435594
            348       -5.45588       -5.48341     0.00434413
            349       -5.52263       -5.48352     0.00433312
            350       -5.44758       -5.48342     0.00432194
            351       -5.37922       -5.48312     0.00431982
            352       -5.35753       -5.48277     0.00432228
            353       -5.33147       -5.48234     0.00433128
            354       -5.40321       -5.48211     0.00432481
            355       -5.39667       -5.48187     0.00431932
            356       -5.35806       -5.48152     0.00432119
            357       -5.46311       -5.48147     0.00430938
            358       -5.42008        -5.4813     0.00430074
            359       -5.52223       -5.48142     0.00429026
            360       -5.46112       -5.48136      0.0042787
            361       -5.53731       -5.48151     0.00426964
            362        -5.4598       -5.48145     0.00425825
            363       -5.48751       -5.48147     0.00424654
            364       -5.46322       -5.48142     0.00423515
            365       -5.52676       -5.48155     0.00422536
            366        -5.4828       -5.48155      0.0042138
            367       -5.51482       -5.48164     0.00420328
            368       -5.62868       -5.48204     0.00421085
            369       -5.43844       -5.48192     0.00420108
            370       -5.52652       -5.48204     0.00419145
            371       -5.51894       -5.48214     0.00418131
            372       -5.57667       -5.48239     0.00417779
            373       -5.53543       -5.48254       0.004169
            374       -5.45636       -5.48247     0.00415843
            375       -5.59607       -5.48277     0.00415838
            376       -5.51894       -5.48287     0.00414842
            377        -5.5011       -5.48291     0.00413768
            378       -5.57033       -5.48315      0.0041332
            379       -5.49739       -5.48318     0.00412245
            380       -5.57465       -5.48342     0.00411863
            381       -5.65651       -5.48388     0.00413285
            382       -5.45924       -5.48381     0.00412252
            383       -5.57183       -5.48404     0.00411816
            384        -5.5363       -5.48418     0.00410967
            385       -5.44272       -5.48407      0.0041004
            386       -5.31895       -5.48364     0.00411207
            387       -5.39979       -5.48343     0.00410715
            388       -5.49137       -5.48345     0.00409661
            389       -5.53354       -5.48358     0.00408809
            390       -5.51853       -5.48367     0.00407858
            391       -5.35438       -5.48334     0.00408155
            392       -5.48884       -5.48335     0.00407115
            393       -5.59607       -5.48364     0.00407089
            394       -5.53734       -5.48377     0.00406284
            395       -5.58885       -5.48404     0.00406126
            396       -5.64409       -5.48444      0.0040711
            397        -5.6086       -5.48476     0.00407286
            398       -5.61645       -5.48509     0.00407606
            399       -5.52086       -5.48518     0.00406682
            400       -5.61572        -5.4855     0.00406975
            401       -5.44568        -5.4854     0.00406081
            402       -5.49369       -5.48542     0.00405074
            403       -5.46223       -5.48537     0.00404109
            404       -5.40056       -5.48516     0.00403654
            405       -5.54399        -5.4853     0.00402918
            406       -5.44518        -5.4852     0.00402046
            407       -5.55699       -5.48538     0.00401444
            408        -5.5818       -5.48562     0.00401156
            409       -5.53184       -5.48573     0.00400333
            410       -5.54805       -5.48588     0.00399645
            411       -5.50675       -5.48593     0.00398704
            412       -5.57316       -5.48614     0.00398298
            413       -5.45686       -5.48607     0.00397395
            414       -5.48431       -5.48607     0.00396435
            415       -5.40673       -5.48588      0.0039594
            416       -5.50354       -5.48592      0.0039501
            417       -5.51665       -5.48599      0.0039413
            418       -5.64828       -5.48638     0.00395098
            419       -5.60073       -5.48665     0.00395098
            420       -5.48127       -5.48664     0.00394158
            421       -5.36816       -5.48636     0.00394227
            422       -5.55897       -5.48653     0.00393668
            423       -5.57149       -5.48673     0.00393249
            424       -5.46868       -5.48669     0.00392344
            425       -5.41921       -5.48653     0.00391741
            426       -5.48351       -5.48652     0.00390821
            427       -5.57415       -5.48673     0.00390445
            428       -5.45292       -5.48665     0.00389611
            429       -5.48302       -5.48664     0.00388703
            430       -5.48641       -5.48664     0.00387798
            431       -5.55039       -5.48679      0.0038718
            432       -5.59078       -5.48703     0.00387032
            433       -5.54486       -5.48716     0.00386368
            434       -5.57146       -5.48736     0.00385966
            435       -5.33095         -5.487     0.00386752
            436       -5.44221        -5.4869     0.00386001
            437       -5.54691       -5.48703     0.00385362
            438       -5.41846       -5.48688     0.00384799
            439       -5.45857       -5.48681     0.00383976
            440       -5.46106       -5.48675     0.00383147
            441       -5.47163       -5.48672     0.00382293
            442        -5.3875       -5.48649     0.00382087
            443        -5.3504       -5.48619     0.00382459
            444        -5.2886       -5.48574     0.00384183
            445       -5.33464        -5.4854     0.00384819
            446       -5.39176       -5.48519     0.00384529
            447       -5.48206       -5.48519     0.00383669
            448       -5.43821       -5.48508     0.00382955
            449       -5.53866        -5.4852     0.00382287
            450        -5.4318       -5.48508     0.00381621
            451       -5.48536       -5.48508     0.00380774
            452        -5.5052       -5.48513     0.00379957
            453       -5.51033       -5.48518     0.00379158
            454       -5.50211       -5.48522      0.0037834
            455       -5.47522        -5.4852     0.00377514
            456       -5.52302       -5.48528     0.00376777
            457       -5.52074       -5.48536     0.00376032
            458       -5.50297        -5.4854     0.00375229
            459       -5.48582        -5.4854     0.00374411
            460       -5.41808       -5.48525     0.00373883
            461       -5.29928       -5.48485     0.00375246
            462        -5.4249       -5.48472     0.00374657
            463       -5.43576       -5.48461     0.00373997
            464       -5.49187       -5.48463     0.00373193
            465       -5.45301       -5.48456     0.00372452
            466       -5.48219       -5.48456     0.00371652
            467       -5.57132       -5.48474      0.0037132
            468       -5.55542       -5.48489     0.00370834
            469       -5.50146       -5.48493     0.00370059
            470       -5.47864       -5.48491     0.00369273
            471       -5.53714       -5.48502     0.00368655
            472       -5.55597       -5.48518      0.0036818
            473       -5.50917       -5.48523     0.00367436
            474       -5.53352       -5.48533     0.00366802
            475       -5.42116       -5.48519     0.00366278
            476       -5.38504       -5.48498     0.00366112
            477       -5.57519       -5.48517     0.00365833
            478       -5.63521       -5.48549     0.00366414
            479       -5.54762       -5.48561     0.00365878
            480       -5.58058       -5.48581     0.00365651
            481       -5.56375       -5.48597      0.0036525
            482       -5.48983       -5.48598     0.00364492
            483       -5.41528       -5.48584     0.00364031
            484       -5.47539       -5.48581     0.00363284
            485       -5.41741       -5.48567     0.00362809
            486        -5.4118       -5.48552     0.00362381
            487       -5.45495       -5.48546      0.0036169
            488       -5.59006       -5.48567     0.00361584
            489       -5.68852       -5.48609     0.00363221
            490       -5.65747       -5.48644     0.00364162
            491       -5.65508       -5.48678     0.00365039
            492       -5.49851       -5.48681     0.00364304
            493       -5.37569       -5.48658     0.00364262
            494       -5.42762       -5.48646      0.0036372
            495       -5.51827       -5.48652     0.00363041
            496       -5.49817       -5.48655     0.00362316
            497       -5.44584       -5.48647     0.00361679
            498        -5.4202       -5.48633     0.00361198
            499       -5.33113       -5.48602     0.00361812
            500        -5.2751        -5.4856     0.00363544
