              1      -0.413083      -0.413083              0
              2      -0.412791      -0.412937    0.000146169
              3      -0.411544      -0.412473    0.000472072
              4      -0.414844      -0.413066    0.000680462
              5       -0.41699       -0.41385    0.000945392
              6      -0.410225      -0.413246    0.000980324
              7      -0.416142       -0.41366    0.000926094
              8       -0.41683      -0.414056    0.000894552
              9      -0.413614      -0.414007     0.00079045
             10      -0.406957      -0.413302    0.000998463
             11      -0.410199       -0.41302    0.000946181
             12      -0.411487      -0.412892    0.000873133
             13      -0.419369       -0.41339    0.000945146
             14      -0.410872       -0.41321    0.000893336
             15       -0.41518      -0.413342    0.000841957
             16      -0.417156       -0.41358    0.000822859
             17      -0.411966      -0.413485    0.000778749
             18      -0.412105      -0.413408    0.000738204
             19      -0.416135      -0.413552    0.000712868
