              1      0.0487274      0.0487274              0
              2      0.0493741      0.0490508    0.000323349
              3      0.0487428      0.0489481    0.000213051
              4      0.0493239      0.0490421    0.000177544
              5      0.0489782      0.0490293    0.000138116
              6      0.0493723      0.0490865    0.000126436
              7      0.0489679      0.0490695    0.000108191
              8      0.0496391      0.0491407     0.00011768
              9      0.0492435      0.0491522     0.00010441
             10      0.0489106       0.049128    9.64617e-05
             11      0.0489732      0.0491139    8.83798e-05
             12      0.0493558      0.0491341    8.31601e-05
             13      0.0492125      0.0491401    7.67333e-05
             14      0.0491498      0.0491408    7.10446e-05
             15      0.0492737      0.0491497    6.67299e-05
             16       0.049017      0.0491414    6.29686e-05
             17      0.0493862      0.0491558    6.08766e-05
             18      0.0489232      0.0491429    5.88314e-05
             19      0.0488096      0.0491253    5.83473e-05
