0
0.00209483
0.00163106
0.00228784
0.00177516
0.0015495
0.00190289
0.00213749
0.0020316
0.00207286
0.00203351
0.0022314
0.00207081
0.00198016
0.00184415
0.00172961
0.00193309
0.00182362
0.00173473
0.00169562
0.00161681
0.00163345
0.00162718
0.00168006
0.00162148
0.00156134
0.00152133
0.00150638
0.00145536
0.00142847
0.00139479
0.0013762
0.00133659
0.00130803
0.00127024
0.00123991
0.00126095
0.00125873
0.00125065
0.00122065
0.00119419
0.00130041
0.00126966
0.00126942
0.0012429
0.00123467
0.00121625
0.00119175
0.00118278
0.00120487
0.00120668
0.0011984
0.00119372
0.00117219
0.00120691
0.00118557
0.00120051
0.00118869
0.00116871
0.00115104
0.0011765
0.00120783
0.00119664
0.00118205
0.00116858
0.00115077
0.00113499
0.00111851
0.00111813
0.00111496
0.0011429
0.00113314
0.00113269
0.00112004
0.00111245
0.00110067
0.0010954
0.00108135
0.00106767
0.00106143
0.00108715
0.00107773
0.00107072
0.00106888
0.00106285
0.00105034
0.00104141
0.00102987
0.00101874
0.00100754
0.000996968
0.00098986
0.000983314
0.000972712
0.000964996
0.000957069
0.000972982
0.000962993
0.000955587
0.000949022
