0.0813324
0.0811859
0.0826231
0.0826528
0.0833548
0.0836073
0.0837268
0.0838475
0.0836205
0.0833768
0.0833235
0.0834972
0.0833687
0.0832143
0.0834425
0.0836899
0.0835925
0.083809
0.0836659
0.0835884
0.0837246
0.0836008
0.08378
0.0836796
0.0836942
0.0837847
0.0839138
0.0838475
0.0836965
0.0837625
0.0836816
0.0836701
0.0836911
0.083617
0.0837633
0.0838112
0.0837262
0.0837631
0.0837456
0.0836577
0.0836435
0.0835787
0.0835223
0.0834272
0.0833723
0.0834652
0.0834506
0.0834162
0.0834215
0.0833595
0.0833419
0.0834363
0.083375
0.0833196
0.0833273
0.0833043
0.083278
0.0832815
0.0833024
0.0833241
0.0834024
0.0833833
0.0833819
0.0833596
0.0834059
0.0834345
0.0834188
0.083431
0.0834388
0.0834455
0.0834596
0.083446
0.0834527
0.0834569
0.0834946
0.0834856
0.0834247
0.0833775
0.0833282
0.083253
0.0831878
0.0831431
0.0831481
0.0831313
0.0831146
0.0830866
0.0831047
0.083127
0.0830931
0.0830816
0.0830665
0.08313
0.0831464
0.083124
0.0831936
0.0831519
0.0831309
0.0830979
0.0830444
0.0830785
