0.0884079   -0.394548   0.113201
-0.122951   0.280929   -0.245812
0.415298   0.16972   0.315278
-0.394871   0.446959   0.105911
-0.480898   0.366063   0.0739302
-0.430248   0.0623064   -0.0812398
-0.307307   0.495168   0.360866
0.433015   0.0964096   -0.272678
-0.196722   0.314187   -0.258837
-0.299491   -0.0521889   0.292814
-0.408011   0.402364   0.493206
-0.315513   0.334613   0.238879
0.0181413   -0.365843   0.130103
0.33062   -0.0293356   0.110593
-0.237037   -0.498704   -0.469334
0.435682   0.342906   0.454604
-0.121347   0.0955721   0.484871
-0.207188   -0.378738   0.2274
0.00118231   0.0925994   -0.109692
-0.476494   0.0360577   0.477675
0.0343627   0.35566   0.377069
0.395394   0.102525   0.0105452
0.336753   0.205281   0.360064
0.315229   -0.00648306   -0.0394788
-0.00405576   0.387784   0.1159
-0.427636   -0.100002   0.290028
-0.323473   -0.0718131   -0.32138
0.442768   0.104074   -0.051599
0.365556   0.115067   -0.31783
-0.431483   0.133648   0.341301
-0.401725   0.0552458   -0.412678
0.208861   0.201242   0.176474
0.345545   0.0829513   -0.14466
-0.100374   0.264713   -0.362874
-0.287115   -0.478237   0.082794
0.00522215   0.296726   0.137901
0.437157   0.351703   -0.239967
-0.156221   -0.415429   0.372161
-0.38163   0.134129   -0.177553
0.175251   -0.14097   -0.0942652
0.112306   0.361314   -0.0410334
-0.0101778   -0.0761077   0.0151355
0.310349   0.150468   -0.176572
0.038037   0.437917   0.154796
-0.0132389   -0.326081   -0.13489
0.0504528   -0.493518   0.208844
-0.0839905   -0.476406   0.436029
0.382243   0.425703   -0.00325295
0.143927   -0.211787   0.47455
0.063891   0.333332   -0.298316
-0.440472   -0.169633   0.454475
0.403693   -0.0233418   0.0455578
0.302358   0.226906   -0.156043
0.242598   0.0960366   0.462948
0.0809075   -0.158491   -0.211086
0.341684   -0.422688   0.410575
0.167216   -0.0153837   -0.127222
-0.271011   -0.0142082   0.0524676
0.396919   0.401733   -0.131736
-0.47745   0.144902   0.414161
0.0117508   -0.312156   0.280365
-0.456487   0.269748   -0.440228
0.147567   -0.403938   0.496805
-0.079377   0.180258   -0.426004
0.405003   -0.37103   0.33024
0.369586   0.399781   0.287849
-0.0297943   -0.239844   0.251494
0.128429   -0.362604   -0.438967
-0.19996   0.299239   -0.0469113
-0.268326   0.324065   -0.124158
-0.321553   -0.0928424   -0.45048
0.154871   0.241436   0.0946888
0.374926   -0.331587   -0.489104
0.312448   0.416718   -0.442104
0.287825   0.27486   0.34351
0.201707   -0.352525   -0.11448
-0.246464   0.02223   0.170302
0.229215   0.0799408   -0.115372
-0.071674   -0.294863   -0.0753037
0.342555   0.0657122   0.378593
-0.195756   -0.407292   -0.191324
0.104158   0.12609   0.430941
-0.383533   -0.0378047   0.144096
-0.23544   0.00797752   0.286541
0.201492   0.151498   -0.474058
0.424541   0.289564   -0.0712208
-0.197744   0.369258   0.439615
-0.00669259   -0.355092   0.0536945
0.312662   -0.102173   -0.190162
-0.401075   -0.492429   -0.373427
0.360916   0.342742   -0.185047
-0.438541   -0.134589   -0.402158
0.397539   -0.0532866   -0.441952
-0.481614   -0.433103   -0.117392
-0.181591   -0.341961   -0.153204
-0.122433   -0.322732   0.211185
0.310183   0.406662   0.0304458
0.25162   0.283929   0.137344
-0.461142   0.00616597   -0.0136503
-0.0598768   0.315767   0.0955921
-0.254455   -0.432536   0.177349
0.405448   0.175407   -0.229184
-0.172601   -0.0139402   0.388856
0.437634   0.20237   0.449062
-0.362676   -0.0156859   0.362376
-0.398737   -0.288561   -0.296321
0.306281   -0.314687   0.43542
0.188924   -0.0500202   0.242596
