           0           0           0
           0           0           0
           0           0           0
           0           0           0
           0           0           0
           0           0           0
           0           0           0
           0     3.39333           0
           0     14.0467           0
           0     16.1267           0
           0     17.0867           0
           0     14.7267           0
           0       14.06           0
           0     14.1867           0
           0       15.82           0
           0       17.14           0
           0     20.0733           0
           0     22.8533           0
           0     25.6667           0
           0     28.5867           0
           0     30.0133           0
           0     31.2067           0
           0     33.6867           0
           0       37.88           0
           0     42.7133           0
           0     50.2667           0
           0        53.2           0
           0     56.9333           0
           0     62.0333           0
           0     68.4867           0
           0     68.9933           0
           0     75.7267           0
           0        81.7           0
           0     86.3133           0
           0     89.9067           0
           0     93.9733           0
           0     94.8533           0
           0      100.26           0
           0     108.473           0
           0     112.393           0
           0       119.5           0
           0     123.047           0
           0     132.493           0
           0     136.373           0
           0     140.433           0
           0      147.56           0
           0     157.447           0
           0      169.74           0
           0     177.027           0
           0     184.273           0
           0     183.907           0
           0     179.573           0
           0      173.02           0
           0      168.14           0
           0      163.92           0
           0     155.547           0
           0      145.96           0
           0     144.507           0
           0      137.48           0
           0     132.213           0
           0     128.047           0
           0       116.3           0
           0     106.533           0
           0     98.1467           0
           0     90.6267           0
           0     85.4933           0
           0     77.6667           0
           0     71.7733           0
           0       61.96           0
           0     53.0533           0
           0     41.9933           0
           0     34.6533           0
           0     26.8667           0
           0     21.9733           0
           0     19.8067           0
           0     17.2533           0
           0     14.0067           0
           0     10.9267           0
           0     9.01333           0
           0     6.55333           0
           0     4.63333           0
           0     2.83333           0
           0        1.64           0
           0    0.913333           0
           0    0.293333           0
           0         0.1           0
           0           0           0
           0           0           0
           0           0           0
           0           0           0
           0           0           0
           0           0           0
           0           0           0
           0           0           0
           0           0           0
           0           0           0
           0           0           0
           0           0           0
           0           0           0
           0           0           0
