           1           0           0           0
           1           0           0           0
           1           0           0           0
           1           0           0           0
           1           0           0           0
           1           0           0           0
           1           0           0           0
           1           0        2.84           0
           1           0       12.76           0
           1           0       15.86           0
           1           0       17.82           0
           1           0       12.82           0
           1           0       13.62           0
           1           0       13.84           0
           1           0        15.2           0
           1           0       16.76           0
           1           0        19.4           0
           1           0       21.82           0
           1           0       26.72           0
           1           0       29.14           0
           1           0       31.86           0
           1           0       33.82           0
           1           0       35.48           0
           1           0        37.4           0
           1           0       42.56           0
           1           0       51.22           0
           1           0       52.78           0
           1           0       57.32           0
           1           0       60.96           0
           1           0        66.7           0
           1           0       72.84           0
           1           0       77.34           0
           1           0        83.7           0
           1           0       89.36           0
           1           0       86.28           0
           1           0       92.12           0
           1           0       94.96           0
           1           0      102.26           0
           1           0      111.18           0
           1           0      111.84           0
           1           0       120.9           0
           1           0       124.4           0
           1           0      127.54           0
           1           0      137.06           0
           1           0      140.46           0
           1           0      146.86           0
           1           0      155.62           0
           1           0      171.08           0
           1           0      179.72           0
           1           0       181.9           0
           1           0       180.3           0
           1           0      177.56           0
           1           0      169.88           0
           1           0      171.48           0
           1           0         161           0
           1           0      153.68           0
           1           0      147.94           0
           1           0      152.08           0
           1           0      144.94           0
           1           0      132.76           0
           1           0       128.2           0
           1           0       112.1           0
           1           0      104.64           0
           1           0       96.64           0
           1           0       90.08           0
           1           0        86.5           0
           1           0        81.4           0
           1           0       70.42           0
           1           0       59.22           0
           1           0        53.4           0
           1           0       39.64           0
           1           0       34.18           0
           1           0       27.82           0
           1           0       20.08           0
           1           0        18.4           0
           1           0       17.76           0
           1           0        13.8           0
           1           0       10.28           0
           1           0        7.38           0
           1           0        6.14           0
           1           0        5.06           0
           1           0         3.7           0
           1           0        1.78           0
           1           0        1.38           0
           1           0        0.24           0
           1           0        0.02           0
           1           0           0           0
           1           0           0           0
           1           0           0           0
           1           0           0           0
           1           0           0           0
           1           0           0           0
           1           0           0           0
           1           0           0           0
           1           0           0           0
           1           0           0           0
           1           0           0           0
           1           0           0           0
           1           0           0           0
           1           0           0           0
           2           0           0           0
           2           0           0           0
           2           0           0           0
           2           0           0           0
           2           0           0           0
           2           0           0           0
           2           0           0           0
           2           0        3.09           0
           2           0       13.57           0
           2           0       16.18           0
           2           0       17.08           0
           2           0       14.22           0
           2           0       14.06           0
           2           0       13.58           0
           2           0       15.14           0
           2           0       16.73           0
           2           0       20.17           0
           2           0       23.21           0
           2           0       26.34           0
           2           0       28.22           0
           2           0       31.35           0
           2           0       32.31           0
           2           0        34.3           0
           2           0       37.75           0
           2           0       42.74           0
           2           0       50.14           0
           2           0       51.45           0
           2           0       56.73           0
           2           0          64           0
           2           0       69.26           0
           2           0       69.47           0
           2           0       75.22           0
           2           0       80.49           0
           2           0       86.06           0
           2           0       88.09           0
           2           0       92.62           0
           2           0       96.09           0
           2           0      102.49           0
           2           0      110.89           0
           2           0         114           0
           2           0      119.05           0
           2           0      122.47           0
           2           0      127.23           0
           2           0      136.04           0
           2           0      140.73           0
           2           0      149.17           0
           2           0      158.25           0
           2           0      171.76           0
           2           0      178.32           0
           2           0       184.5           0
           2           0      180.25           0
           2           0       178.2           0
           2           0      170.27           0
           2           0      167.94           0
           2           0      165.47           0
           2           0      157.09           0
           2           0      149.77           0
           2           0      146.55           0
           2           0      139.92           0
           2           0      134.42           0
           2           0      129.52           0
           2           0      115.94           0
           2           0      105.46           0
           2           0       97.47           0
           2           0       88.98           0
           2           0       84.33           0
           2           0       78.05           0
           2           0       70.98           0
           2           0       59.92           0
           2           0       53.41           0
           2           0       40.05           0
           2           0       34.08           0
           2           0       26.99           0
           2           0       20.95           0
           2           0       18.79           0
           2           0       17.05           0
           2           0       13.98           0
           2           0       10.86           0
           2           0        9.03           0
           2           0        6.99           0
           2           0        5.08           0
           2           0        3.09           0
           2           0        1.64           0
           2           0        0.79           0
           2           0        0.12           0
           2           0        0.01           0
           2           0           0           0
           2           0           0           0
           2           0           0           0
           2           0           0           0
           2           0           0           0
           2           0           0           0
           2           0           0           0
           2           0           0           0
           2           0           0           0
           2           0           0           0
           2           0           0           0
           2           0           0           0
           2           0           0           0
           2           0           0           0
           3           0           0           0
           3           0           0           0
           3           0           0           0
           3           0           0           0
           3           0           0           0
           3           0           0           0
           3           0           0           0
           3           0     3.39333           0
           3           0     14.0467           0
           3           0     16.1267           0
           3           0     17.0867           0
           3           0     14.7267           0
           3           0       14.06           0
           3           0     14.1867           0
           3           0       15.82           0
           3           0       17.14           0
           3           0     20.0733           0
           3           0     22.8533           0
           3           0     25.6667           0
           3           0     28.5867           0
           3           0     30.0133           0
           3           0     31.2067           0
           3           0     33.6867           0
           3           0       37.88           0
           3           0     42.7133           0
           3           0     50.2667           0
           3           0        53.2           0
           3           0     56.9333           0
           3           0     62.0333           0
           3           0     68.4867           0
           3           0     68.9933           0
           3           0     75.7267           0
           3           0        81.7           0
           3           0     86.3133           0
           3           0     89.9067           0
           3           0     93.9733           0
           3           0     94.8533           0
           3           0      100.26           0
           3           0     108.473           0
           3           0     112.393           0
           3           0       119.5           0
           3           0     123.047           0
           3           0     132.493           0
           3           0     136.373           0
           3           0     140.433           0
           3           0      147.56           0
           3           0     157.447           0
           3           0      169.74           0
           3           0     177.027           0
           3           0     184.273           0
           3           0     183.907           0
           3           0     179.573           0
           3           0      173.02           0
           3           0      168.14           0
           3           0      163.92           0
           3           0     155.547           0
           3           0      145.96           0
           3           0     144.507           0
           3           0      137.48           0
           3           0     132.213           0
           3           0     128.047           0
           3           0       116.3           0
           3           0     106.533           0
           3           0     98.1467           0
           3           0     90.6267           0
           3           0     85.4933           0
           3           0     77.6667           0
           3           0     71.7733           0
           3           0       61.96           0
           3           0     53.0533           0
           3           0     41.9933           0
           3           0     34.6533           0
           3           0     26.8667           0
           3           0     21.9733           0
           3           0     19.8067           0
           3           0     17.2533           0
           3           0     14.0067           0
           3           0     10.9267           0
           3           0     9.01333           0
           3           0     6.55333           0
           3           0     4.63333           0
           3           0     2.83333           0
           3           0        1.64           0
           3           0    0.913333           0
           3           0    0.293333           0
           3           0         0.1           0
           3           0           0           0
           3           0           0           0
           3           0           0           0
           3           0           0           0
           3           0           0           0
           3           0           0           0
           3           0           0           0
           3           0           0           0
           3           0           0           0
           3           0           0           0
           3           0           0           0
           3           0           0           0
           3           0           0           0
           3           0           0           0
