              1      -0.398868      -0.398868              0
              2      -0.417643      -0.408256     0.00938744
              3       -0.37095       -0.39582      0.0135649
              4      -0.393675      -0.395284     0.00960684
              5      -0.408094      -0.397846     0.00787014
              6      -0.430809       -0.40334     0.00845423
              7      -0.469677      -0.412817      0.0118685
              8      -0.440614      -0.416291      0.0108498
              9        -0.4088      -0.415459     0.00960478
             10      -0.418775       -0.41579     0.00859718
             11      -0.411843      -0.415432     0.00778471
             12      -0.422089      -0.415986     0.00712806
             13      -0.461507      -0.419488     0.00743327
             14      -0.445389      -0.421338     0.00712621
             15      -0.456693      -0.423695      0.0070404
             16      -0.404272      -0.422481     0.00669664
             17      -0.435051      -0.423221      0.0063337
             18      -0.411833      -0.422588     0.00600489
             19      -0.426282      -0.422782     0.00568339
             20      -0.417865      -0.422536     0.00539734
             21      -0.411885      -0.422029     0.00515889
             22      -0.409195      -0.421446     0.00495328
             23      -0.434742      -0.422024      0.0047682
             24      -0.408955      -0.421479     0.00459756
             25      -0.427764      -0.421731     0.00441699
             26      -0.445916      -0.422661     0.00434446
             27      -0.423337      -0.422686     0.00418053
             28      -0.440008      -0.423305     0.00407568
             29      -0.408384       -0.42279     0.00396615
             30      -0.385867      -0.421559     0.00402447
             31      -0.416736      -0.421404      0.0038956
             32      -0.424264      -0.421493     0.00377295
             33      -0.400144      -0.420846     0.00371362
             34      -0.381112      -0.419678     0.00378755
             35      -0.421087      -0.419718     0.00367796
             36      -0.409306      -0.419429     0.00358602
             37       -0.43848      -0.419944     0.00352555
             38      -0.426311      -0.420111     0.00343561
             39      -0.399986      -0.419595     0.00338591
             40      -0.422558      -0.419669     0.00330101
             41      -0.428401      -0.419882     0.00322653
             42      -0.410511      -0.419659     0.00315666
             43      -0.433111      -0.419972     0.00309821
             44      -0.414192       -0.41984     0.00302983
             45      -0.423969      -0.419932     0.00296316
             46      -0.414502      -0.419814     0.00290043
             47      -0.418244      -0.419781     0.00283824
             48      -0.468088      -0.420787     0.00295513
             49      -0.470349      -0.421799     0.00306585
             50      -0.414243      -0.421648      0.0030077
             51       -0.41294      -0.421477     0.00295308
             52      -0.415104      -0.421354     0.00289833
             53      -0.403055      -0.421009       0.002864
             54      -0.439703      -0.421355     0.00283171
             55      -0.445466      -0.421794      0.0028141
             56      -0.464163       -0.42255     0.00286509
             57      -0.433186      -0.422737     0.00282056
             58      -0.408239      -0.422487     0.00278275
             59      -0.432584      -0.422658     0.00274053
             60      -0.431477      -0.422805     0.00269847
             61      -0.414684      -0.422672      0.0026572
             62      -0.418176      -0.422599       0.002615
             63      -0.424945      -0.422636     0.00257343
             64      -0.420307        -0.4226     0.00253316
             65      -0.404606      -0.422323      0.0025092
             66      -0.387988      -0.421803     0.00252506
             67      -0.403124      -0.421524     0.00250267
             68      -0.435739      -0.421733     0.00247443
             69      -0.437618      -0.421963     0.00244915
             70      -0.402973      -0.421692     0.00242911
             71      -0.379053      -0.421092     0.00246881
             72      -0.398336      -0.420776     0.00245471
             73       -0.42311      -0.420808     0.00242106
             74      -0.410263      -0.420665     0.00239237
             75      -0.402764      -0.420426     0.00237229
             76      -0.370207      -0.419766     0.00243235
             77       -0.44963      -0.420153     0.00243168
             78      -0.421765      -0.420174     0.00240039
             79      -0.468612      -0.420787     0.00244784
             80      -0.421975      -0.420802      0.0024171
             81      -0.470023       -0.42141      0.0024632
             82      -0.454772      -0.421817     0.00246676
             83      -0.426057      -0.421868     0.00243739
             84      -0.382433      -0.421398     0.00245354
             85      -0.413968      -0.421311     0.00242608
             86      -0.449628       -0.42164      0.0024202
             87      -0.406448      -0.421465     0.00239859
             88      -0.421933      -0.421471     0.00237118
             89      -0.395092      -0.421174     0.00236305
             90      -0.440613       -0.42139      0.0023466
             91      -0.434799      -0.421538     0.00232535
             92      -0.436741      -0.421703     0.00230586
             93      -0.468216      -0.422203     0.00233512
             94      -0.407935      -0.422051     0.00231513
             95      -0.388229      -0.421695     0.00231813
             96      -0.429959      -0.421781     0.00229547
             97      -0.403013      -0.421588     0.00227991
             98      -0.437764      -0.421753     0.00226255
             99      -0.406645        -0.4216     0.00224478
            100      -0.447689      -0.421861     0.00223748
            101      -0.391637      -0.421562     0.00223533
            102      -0.384472      -0.421198     0.00224298
            103      -0.447047      -0.421449     0.00223523
            104      -0.448033      -0.421705     0.00222834
            105      -0.399429      -0.421493     0.00221719
            106      -0.435841      -0.421628     0.00220034
            107      -0.471196      -0.422091     0.00222837
            108      -0.395999       -0.42185     0.00222082
            109      -0.423618      -0.421866     0.00220041
            110      -0.420467      -0.421853     0.00218035
            111      -0.395106      -0.421612     0.00217401
            112      -0.402644      -0.421443     0.00216116
            113       -0.40622      -0.421308     0.00214618
            114      -0.422095      -0.421315     0.00212728
            115      -0.414945       -0.42126     0.00210943
            116      -0.442359      -0.421442     0.00209906
            117      -0.489039      -0.422019     0.00215976
            118      -0.380024      -0.421664     0.00217075
            119      -0.448017      -0.421885     0.00216379
            120      -0.445632      -0.422083     0.00215479
            121      -0.438439      -0.422218     0.00214118
            122      -0.377442      -0.421851     0.00215504
            123      -0.416115      -0.421804     0.00213796
            124      -0.386856      -0.421523     0.00213929
            125      -0.385407      -0.421234     0.00214169
            126      -0.380301      -0.420909     0.00214931
            127      -0.407354      -0.420802     0.00213499
            128      -0.439713       -0.42095     0.00212339
            129      -0.409468      -0.420861     0.00210875
            130      -0.407304      -0.420756     0.00209506
            131      -0.403631      -0.420626     0.00208311
            132      -0.402933      -0.420492     0.00207161
            133      -0.411724      -0.420426     0.00205703
            134      -0.418798      -0.420414     0.00204166
            135      -0.417591      -0.420393     0.00202659
            136      -0.424124       -0.42042     0.00201182
            137      -0.435471       -0.42053      0.0020001
            138      -0.432905       -0.42062     0.00198758
            139      -0.409286      -0.420538     0.00197491
            140      -0.428956      -0.420598     0.00196168
            141       -0.40511      -0.420488     0.00195081
            142      -0.444249      -0.420656     0.00194424
            143       -0.39653      -0.420487     0.00193795
            144       -0.38452      -0.420237     0.00194059
            145      -0.411983       -0.42018       0.001928
            146      -0.392931      -0.419994     0.00192382
            147      -0.411215      -0.419934     0.00191162
            148      -0.461647      -0.420216     0.00191947
            149      -0.408446      -0.420137     0.00190818
            150      -0.435947      -0.420242     0.00189834
            151      -0.390918      -0.420048      0.0018957
            152      -0.416133      -0.420022     0.00188336
            153      -0.415747      -0.419994     0.00187122
            154      -0.397104      -0.419846     0.00186496
            155      -0.430926      -0.419917     0.00185427
            156      -0.425634      -0.419954     0.00184271
            157      -0.417863      -0.419941     0.00183098
            158      -0.397826      -0.419801     0.00182474
            159      -0.402738      -0.419693      0.0018164
            160      -0.460372      -0.419947     0.00182282
            161      -0.378715      -0.419691     0.00182948
            162      -0.391862       -0.41952     0.00182625
            163      -0.392453      -0.419354     0.00182259
            164       -0.47074      -0.419667     0.00183834
            165      -0.403598      -0.419569     0.00182976
            166      -0.400585      -0.419455      0.0018223
            167      -0.401536      -0.419348     0.00181453
            168      -0.407815      -0.419279       0.001805
            169      -0.424779      -0.419312     0.00179458
            170      -0.413121      -0.419275     0.00178437
            171       -0.43864      -0.419389     0.00177751
            172      -0.437856      -0.419496     0.00177041
            173      -0.381726      -0.419278     0.00177363
            174      -0.422017      -0.419293     0.00176348
            175      -0.383267      -0.419087     0.00176542
            176      -0.402372      -0.418992     0.00175793
            177      -0.398037      -0.418874     0.00175197
            178      -0.399907      -0.418768     0.00174536
            179      -0.430819      -0.418835     0.00173688
            180      -0.375386      -0.418593     0.00174399
            181      -0.435596      -0.418687     0.00173687
            182      -0.412438      -0.418653     0.00172764
            183      -0.464309      -0.418903      0.0017362
            184      -0.398755      -0.418793      0.0017302
            185        -0.3877      -0.418625     0.00172901
            186      -0.435845      -0.418718     0.00172218
            187      -0.388852      -0.418558     0.00172038
            188      -0.421533      -0.418574     0.00171128
            189      -0.414993      -0.418555      0.0017023
            190      -0.401337      -0.418464     0.00169574
            191      -0.456222      -0.418662     0.00169838
            192      -0.476928      -0.418965     0.00171655
            193      -0.422153      -0.418982     0.00170772
            194      -0.410609      -0.418939     0.00169944
            195      -0.422788      -0.418958     0.00169082
            196      -0.393096      -0.418826     0.00168734
            197      -0.407042      -0.418767     0.00167981
            198      -0.390427      -0.418623     0.00167743
            199      -0.419363      -0.418627     0.00166898
            200      -0.432512      -0.418697     0.00166206
            201      -0.420412      -0.418705      0.0016538
            202      -0.426006      -0.418741     0.00164599
            203      -0.440325      -0.418848     0.00164131
            204      -0.387888      -0.418696     0.00164028
            205      -0.433066      -0.418766     0.00163376
            206      -0.420834      -0.418776     0.00162584
            207      -0.450492      -0.418929      0.0016252
            208      -0.402542       -0.41885     0.00161929
            209      -0.436053      -0.418933     0.00161362
            210      -0.449826       -0.41908     0.00161265
            211      -0.415856      -0.419065     0.00160506
            212      -0.398283      -0.418967     0.00160047
            213      -0.397883      -0.418868     0.00159601
            214      -0.407991      -0.418817     0.00158935
            215      -0.442456      -0.418927     0.00158576
            216      -0.441558      -0.419031     0.00158187
            217      -0.391837      -0.418906     0.00157955
            218      -0.387332      -0.418761     0.00157894
            219      -0.416768      -0.418752     0.00157174
            220      -0.396922      -0.418653     0.00156772
            221      -0.424356      -0.418679     0.00156083
            222      -0.428845      -0.418725     0.00155445
            223      -0.446932      -0.418851     0.00155263
            224      -0.422526      -0.418867     0.00154577
            225      -0.399784      -0.418783     0.00154122
            226      -0.424909       -0.41881     0.00153462
            227      -0.419269      -0.418812     0.00152785
            228      -0.407828      -0.418764      0.0015219
            229      -0.413692      -0.418741      0.0015154
            230      -0.508477      -0.419132     0.00155842
            231      -0.413507      -0.419107     0.00155185
            232      -0.390866      -0.418986     0.00154994
            233      -0.427403      -0.419022     0.00154369
            234      -0.409559      -0.418981     0.00153762
            235      -0.390255      -0.418859     0.00153593
            236      -0.395088      -0.418758     0.00153272
            237      -0.401678      -0.418686     0.00152794
            238      -0.388549       -0.41856     0.00152677
            239      -0.421821      -0.418573     0.00152043
            240      -0.414482      -0.418556     0.00151417
            241      -0.395119      -0.418459     0.00151101
            242      -0.436943      -0.418535     0.00150669
            243      -0.415749      -0.418524     0.00150052
            244      -0.372107      -0.418334     0.00150642
            245      -0.419555      -0.418339     0.00150027
            246      -0.397274      -0.418253     0.00149661
            247      -0.400471      -0.418181     0.00149227
            248      -0.401546      -0.418114     0.00148776
            249      -0.410154      -0.418082     0.00148212
            250      -0.425242      -0.418111     0.00147645
            251      -0.435601       -0.41818     0.00147221
            252      -0.477999      -0.418418     0.00148544
            253      -0.432216      -0.418472     0.00148057
            254      -0.413132      -0.418451     0.00147488
            255      -0.396104      -0.418363     0.00147169
            256       -0.37873      -0.418209     0.00147408
            257      -0.391461      -0.418105     0.00147202
            258      -0.421474      -0.418118     0.00146636
            259      -0.439828      -0.418201     0.00146309
            260      -0.399926      -0.418131     0.00145915
            261      -0.387544      -0.418014     0.00145826
            262      -0.481499      -0.418256     0.00147276
            263      -0.382751      -0.418121     0.00147334
            264      -0.410496      -0.418092     0.00146804
            265      -0.354084      -0.417851      0.0014823
            266      -0.445559      -0.417955     0.00148039
            267      -0.400414      -0.417889     0.00147629
            268      -0.441131      -0.417976     0.00147333
            269      -0.408331       -0.41794     0.00146828
            270      -0.422025      -0.417955     0.00146291
            271      -0.398628      -0.417884     0.00145925
            272      -0.370391      -0.417709     0.00146432
            273      -0.425094      -0.417736     0.00145919
            274      -0.407419      -0.417699     0.00145435
            275      -0.432237      -0.417752     0.00145001
            276      -0.398288      -0.417681     0.00144647
            277       -0.40934      -0.417651     0.00144155
            278      -0.390993      -0.417555     0.00143956
            279      -0.382749       -0.41743      0.0014398
            280       -0.43326      -0.417487     0.00143576
            281      -0.459661      -0.417637      0.0014385
            282      -0.436308      -0.417703     0.00143491
            283      -0.431152      -0.417751     0.00143062
            284      -0.416692      -0.417747     0.00142558
            285      -0.421571       -0.41776     0.00142064
            286      -0.435715      -0.417823     0.00141705
            287      -0.420492      -0.417833     0.00141214
            288      -0.385232      -0.417719     0.00141177
            289      -0.425501      -0.417746     0.00140713
            290      -0.388948      -0.417647     0.00140578
            291      -0.407845      -0.417613     0.00140135
            292      -0.420866      -0.417624     0.00139659
            293      -0.422571      -0.417641     0.00139191
            294       -0.42404      -0.417663     0.00138734
            295       -0.43101      -0.417708     0.00138337
            296      -0.436159      -0.417771      0.0013801
            297      -0.426391        -0.4178     0.00137575
            298      -0.378244      -0.417667     0.00137754
            299      -0.421277      -0.417679     0.00137297
            300      -0.406072       -0.41764     0.00136894
            301      -0.433154      -0.417692     0.00136535
            302      -0.402497      -0.417642     0.00136176
            303      -0.416593      -0.417638     0.00135726
            304      -0.386039      -0.417534     0.00135677
            305      -0.404915      -0.417493     0.00135295
            306      -0.448787      -0.417595     0.00135239
            307       -0.43503      -0.417652     0.00134918
            308      -0.438091      -0.417718     0.00134643
            309      -0.368286      -0.417558     0.00135156
            310      -0.378379      -0.417432     0.00135311
            311      -0.404092      -0.417389     0.00134944
            312      -0.428658      -0.417425     0.00134559
            313      -0.411808      -0.417407      0.0013414
            314      -0.440013      -0.417479     0.00133906
            315      -0.433421       -0.41753     0.00133576
            316      -0.450137      -0.417633     0.00133552
            317      -0.465275      -0.417783     0.00133976
            318      -0.440076      -0.417853     0.00133738
            319      -0.453706      -0.417966     0.00133791
            320      -0.433451      -0.418014      0.0013346
            321      -0.459078      -0.418142     0.00133657
            322       -0.38982      -0.418054     0.00133531
            323      -0.407849      -0.418022     0.00133155
            324      -0.388771      -0.417932      0.0013305
            325      -0.404315       -0.41789     0.00132706
            326      -0.398954      -0.417832     0.00132425
            327      -0.424389      -0.417852     0.00132035
            328      -0.431652      -0.417894     0.00131699
            329       -0.40595      -0.417858     0.00131348
            330      -0.381621      -0.417748     0.00131409
            331      -0.375059      -0.417619     0.00131645
            332       -0.44595      -0.417705     0.00131525
            333      -0.413619      -0.417692     0.00131135
            334      -0.390281       -0.41761     0.00130999
            335      -0.403823      -0.417569     0.00130673
            336      -0.421459      -0.417581     0.00130288
            337      -0.363565       -0.41742     0.00130886
            338      -0.416434      -0.417417     0.00130499
            339      -0.411114      -0.417399     0.00130126
            340      -0.413992      -0.417389     0.00129747
            341       -0.38144      -0.417283     0.00129795
            342       -0.45483      -0.417393      0.0012988
            343      -0.443833       -0.41747      0.0012973
            344      -0.359859      -0.417303     0.00130432
            345      -0.384846      -0.417209     0.00130393
            346      -0.414574      -0.417201     0.00130018
            347      -0.408093      -0.417175     0.00129669
            348      -0.426553      -0.417202     0.00129324
            349      -0.400773      -0.417155     0.00129039
            350      -0.428507      -0.417187      0.0012871
            351      -0.444606      -0.417265     0.00128581
            352      -0.431398      -0.417305     0.00128278
            353      -0.440439      -0.417371     0.00128082
            354      -0.401226      -0.417325     0.00127801
            355      -0.425283      -0.417348      0.0012746
            356      -0.427055      -0.417375     0.00127131
            357      -0.373823      -0.417253      0.0012736
            358      -0.405189      -0.417219     0.00127048
            359      -0.438316      -0.417278      0.0012683
            360        -0.4043      -0.417242     0.00126528
            361       -0.40488      -0.417208     0.00126224
            362      -0.418227      -0.417211     0.00125875
            363      -0.401393      -0.417167     0.00125603
            364       -0.40316      -0.417129     0.00125317
            365      -0.402023      -0.417087     0.00125042
            366      -0.386437      -0.417003      0.0012498
            367      -0.412927      -0.416992     0.00124644
            368      -0.390609      -0.416921     0.00124512
            369      -0.461951      -0.417043     0.00124772
            370      -0.436942      -0.417096     0.00124551
            371      -0.474187       -0.41725     0.00125164
            372      -0.421416      -0.417262     0.00124832
            373       -0.43633      -0.417313     0.00124602
            374      -0.426621      -0.417338     0.00124293
            375      -0.451658      -0.417429     0.00124299
            376      -0.422265      -0.417442     0.00123974
            377      -0.428213      -0.417471     0.00123678
            378       -0.42927      -0.417502      0.0012339
            379      -0.429152      -0.417532     0.00123102
            380      -0.446261      -0.417608      0.0012301
            381      -0.407962      -0.417583     0.00122713
            382      -0.438126      -0.417637      0.0012251
            383      -0.414419      -0.417628     0.00122192
            384      -0.412394      -0.417614     0.00121881
            385      -0.399376      -0.417567     0.00121657
            386      -0.377506      -0.417463     0.00121784
            387       -0.44084      -0.417524     0.00121619
            388      -0.427211      -0.417549     0.00121331
            389      -0.389531      -0.417477     0.00121233
            390      -0.401216      -0.417435     0.00120993
            391      -0.423671      -0.417451     0.00120694
            392      -0.417265       -0.41745     0.00120386
            393       -0.42482      -0.417469     0.00120094
            394      -0.452438      -0.417558     0.00120117
            395      -0.380472      -0.417464      0.0012018
            396      -0.407256      -0.417438     0.00119904
            397      -0.408039      -0.417415     0.00119625
            398      -0.385645      -0.417335      0.0011959
            399      -0.396908      -0.417284       0.001194
            400      -0.422068      -0.417296     0.00119107
            401      -0.423755      -0.417312     0.00118821
            402      -0.415149      -0.417306     0.00118526
            403      -0.406646       -0.41728     0.00118261
            404      -0.435787      -0.417326     0.00118057
            405      -0.379691      -0.417233     0.00118131
            406      -0.416126       -0.41723      0.0011784
            407      -0.393135      -0.417171     0.00117699
            408      -0.395431      -0.417118     0.00117531
            409      -0.432463      -0.417155     0.00117303
            410      -0.387634      -0.417083     0.00117238
            411      -0.435888      -0.417129     0.00117042
            412      -0.418953      -0.417133     0.00116759
            413      -0.387539      -0.417062     0.00116696
            414      -0.401429      -0.417024     0.00116475
            415      -0.448253      -0.417099     0.00116437
            416      -0.422883      -0.417113     0.00116165
            417      -0.449972      -0.417192     0.00116154
            418      -0.455626      -0.417284      0.0011624
            419      -0.416259      -0.417281     0.00115962
            420      -0.407624      -0.417258     0.00115709
            421      -0.397291      -0.417211     0.00115531
            422      -0.448112      -0.417284     0.00115489
            423      -0.450068      -0.417362     0.00115476
            424      -0.433118      -0.417399     0.00115264
            425      -0.385719      -0.417324     0.00115233
            426      -0.392555      -0.417266      0.0011511
            427      -0.453039       -0.41735     0.00115145
            428      -0.520402      -0.417591     0.00117372
            429      -0.523761      -0.417838     0.00119685
            430      -0.407558      -0.417814      0.0011943
            431      -0.416326      -0.417811     0.00119153
            432      -0.466388      -0.417923     0.00119407
            433      -0.456898      -0.418013     0.00119471
            434      -0.448874      -0.418084     0.00119407
            435      -0.410709      -0.418067     0.00119144
            436      -0.421078      -0.418074     0.00118873
            437      -0.378636      -0.417984     0.00118943
            438      -0.430862      -0.418013     0.00118708
            439      -0.422915      -0.418025     0.00118442
            440      -0.393854       -0.41797     0.00118301
            441      -0.408449      -0.417948     0.00118052
            442      -0.395728      -0.417898     0.00117892
            443      -0.376018      -0.417803     0.00118004
            444      -0.384009      -0.417727     0.00117984
            445      -0.391053      -0.417667     0.00117871
            446      -0.405727       -0.41764     0.00117637
            447      -0.446518      -0.417705     0.00117551
            448      -0.381878      -0.417625     0.00117561
            449       -0.44165      -0.417679     0.00117421
            450      -0.432024       -0.41771     0.00117203
            451      -0.519561      -0.417936     0.00119103
            452      -0.424698      -0.417951     0.00118849
            453      -0.458634      -0.418041     0.00118926
            454      -0.427521      -0.418062     0.00118682
            455      -0.393371      -0.418008     0.00118545
            456      -0.410682      -0.417992     0.00118296
            457      -0.418262      -0.417992     0.00118037
            458      -0.407396      -0.417969     0.00117801
            459      -0.407554      -0.417946     0.00117566
            460       -0.44761      -0.418011     0.00117488
            461        -0.4033      -0.417979     0.00117276
            462      -0.455703      -0.418061     0.00117306
            463      -0.415332      -0.418055     0.00117054
            464      -0.383328       -0.41798     0.00117041
            465      -0.429874      -0.418005     0.00116817
            466       -0.41319      -0.417995     0.00116571
            467      -0.400703      -0.417958      0.0011638
            468      -0.462213      -0.418053     0.00116515
            469      -0.426475      -0.418071      0.0011628
            470      -0.419272      -0.418073     0.00116033
            471      -0.430959        -0.4181     0.00115819
            472      -0.447338      -0.418162     0.00115739
            473      -0.421031      -0.418168     0.00115496
            474      -0.417844      -0.418168     0.00115252
            475      -0.422826      -0.418178     0.00115013
            476      -0.428006      -0.418198      0.0011479
            477      -0.409813      -0.418181     0.00114562
            478      -0.386688      -0.418115     0.00114512
            479      -0.393595      -0.418064     0.00114387
            480      -0.394555      -0.418015     0.00114254
            481      -0.397454      -0.417972     0.00114096
            482      -0.383173        -0.4179     0.00114088
            483      -0.404788      -0.417873     0.00113884
            484      -0.408847      -0.417854     0.00113664
            485      -0.416408      -0.417851     0.00113429
            486      -0.424161      -0.417864     0.00113203
            487      -0.462001      -0.417955     0.00113333
            488      -0.432909      -0.417985     0.00113142
            489      -0.469514      -0.418091     0.00113402
            490      -0.461271      -0.418179     0.00113512
            491      -0.418973       -0.41818     0.00113281
            492      -0.400775      -0.418145     0.00113106
            493      -0.437379      -0.418184     0.00112944
            494      -0.380423      -0.418107     0.00112974
            495      -0.431241      -0.418134     0.00112777
            496      -0.385901      -0.418069     0.00112736
            497      -0.461867      -0.418157     0.00112854
            498      -0.409305      -0.418139     0.00112641
            499      -0.401928      -0.418107     0.00112462
            500      -0.433525      -0.418138     0.00112279
