              1      0.0504449      0.0504449              0
              2      0.0470707      0.0487578     0.00168712
              3      0.0517601      0.0497586     0.00139655
              4      0.0474982      0.0491935     0.00113777
              5      0.0482571      0.0490062    0.000900991
              6      0.0488899      0.0489868    0.000735911
              7      0.0489316      0.0489789    0.000622009
              8      0.0475481      0.0488001    0.000567592
              9      0.0487168      0.0487908    0.000500655
             10      0.0478376      0.0486955    0.000457832
             11      0.0501389      0.0488267    0.000434417
             12      0.0525867        0.04914    0.000505411
             13      0.0463415      0.0489248    0.000512333
             14      0.0507351      0.0490541    0.000491638
             15      0.0469681       0.048915    0.000478351
             16      0.0469549      0.0487925    0.000463925
             17      0.0471086      0.0486935    0.000446896
             18      0.0485648      0.0486863    0.000421398
             19      0.0500273      0.0487569    0.000404803
             20      0.0522659      0.0489323     0.00042221
             21      0.0453193      0.0487603    0.000436905
             22      0.0500842      0.0488205    0.000420897
             23      0.0482504      0.0487957    0.000402944
             24      0.0526731      0.0489572    0.000418252
             25      0.0503185      0.0490117    0.000404851
             26      0.0466127      0.0489194    0.000399763
             27      0.0459836      0.0488107    0.000399744
             28      0.0478541      0.0487765    0.000386715
             29      0.0510147      0.0488537     0.00038104
             30       0.050758      0.0489172    0.000373553
             31      0.0520448      0.0490181    0.000375124
             32       0.047681      0.0489763    0.000365608
             33      0.0523967      0.0490799    0.000369203
             34      0.0536212      0.0492135    0.000382273
             35      0.0468512       0.049146    0.000377276
             36      0.0527949      0.0492474    0.000380399
             37      0.0477796      0.0492077    0.000372096
             38      0.0480755      0.0491779    0.000363395
             39      0.0495386      0.0491872    0.000354075
             40       0.047928      0.0491557    0.000346543
             41      0.0552126      0.0493034     0.00036886
             42      0.0544533       0.049426    0.000380281
             43      0.0464366      0.0493565    0.000377784
             44      0.0565351      0.0495196    0.000403548
             45      0.0497065      0.0495238      0.0003945
             46      0.0480632       0.049492    0.000387133
             47      0.0468963      0.0494368    0.000382811
             48      0.0482742      0.0494126    0.000375533
             49      0.0462595      0.0493482    0.000373376
             50      0.0477574      0.0493164    0.000367213
             51      0.0486807       0.049304    0.000360157
             52      0.0473555      0.0492665    0.000355145
             53      0.0488067      0.0492578    0.000348488
             54      0.0475006      0.0492253    0.000343518
             55      0.0457408      0.0491619    0.000343114
             56      0.0476327      0.0491346    0.000338036
             57      0.0555593      0.0492473    0.000350662
             58      0.0502539      0.0492647       0.000345
             59      0.0482896      0.0492482    0.000339504
             60      0.0527611      0.0493067    0.000338894
             61      0.0511674      0.0493372    0.000334685
             62      0.0502066      0.0493512    0.000329541
             63      0.0503532      0.0493671    0.000324658
             64      0.0479223      0.0493446    0.000320341
             65      0.0518939      0.0493838    0.000317804
             66      0.0534042      0.0494447    0.000318825
             67      0.0508363      0.0494655    0.000314716
             68      0.0474053      0.0494352     0.00031153
             69       0.050656      0.0494529    0.000307491
             70      0.0469889      0.0494177    0.000305104
             71      0.0463796      0.0493749    0.000303805
             72      0.0489689      0.0493692    0.000299608
             73      0.0471429      0.0493387    0.000297045
             74      0.0485098      0.0493275    0.000293218
             75      0.0502976      0.0493405    0.000289571
             76      0.0494686      0.0493422     0.00028574
             77      0.0513668      0.0493685    0.000283228
             78      0.0505201      0.0493832    0.000279963
             79      0.0471114      0.0493545    0.000277888
             80      0.0523059      0.0493914    0.000276862
             81      0.0506214      0.0494065    0.000273844
             82      0.0476431       0.049385    0.000271337
             83      0.0488226      0.0493783    0.000268134
             84       0.051254      0.0494006    0.000265862
             85      0.0502881       0.049411    0.000262923
             86      0.0490537      0.0494069    0.000259881
             87      0.0456843      0.0493641    0.000260416
             88      0.0485885      0.0493553     0.00025759
             89      0.0499668      0.0493621    0.000254772
             90      0.0525242      0.0493973    0.000254364
             91      0.0483815      0.0493861      0.0002518
             92      0.0490773      0.0493828    0.000249071
             93      0.0504025      0.0493937    0.000246622
             94      0.0464258      0.0493621    0.000246019
             95      0.0482353      0.0493503    0.000243704
             96      0.0496196      0.0493531    0.000241169
             97      0.0476427      0.0493355     0.00023932
             98      0.0512543       0.049355    0.000237673
             99      0.0518012      0.0493797    0.000236554
            100      0.0468673      0.0493546    0.000235521
            101      0.0494779      0.0493558     0.00023318
            102      0.0479282      0.0493418    0.000231307
            103       0.046689      0.0493161    0.000230493
            104      0.0528862      0.0493504    0.000230833
            105      0.0489329      0.0493464    0.000228659
            106      0.0449567       0.049305    0.000230246
            107      0.0472887      0.0492862    0.000228861
            108      0.0503419       0.049296    0.000226943
            109      0.0494188      0.0492971    0.000224854
            110      0.0447771       0.049256    0.000226558
            111      0.0475265      0.0492404    0.000225048
            112      0.0441418      0.0491949    0.000227628
            113      0.0446086      0.0491543    0.000229226
            114      0.0465046      0.0491311    0.000228392
            115      0.0465514      0.0491086    0.000227506
            116      0.0478716       0.049098    0.000225788
            117      0.0423992      0.0490407    0.000231056
            118      0.0484688      0.0490359    0.000229141
            119      0.0525852      0.0490657    0.000229157
            120      0.0509516      0.0490814    0.000227782
            121      0.0486712       0.049078    0.000225917
            122      0.0500096      0.0490857    0.000224187
            123      0.0460481       0.049061    0.000223725
            124      0.0486297      0.0490575     0.00022194
            125        0.04937        0.04906    0.000220172
            126      0.0529147      0.0490906    0.000220549
            127      0.0467313       0.049072    0.000219593
            128      0.0443544      0.0490351    0.000220966
            129      0.0501566      0.0490438    0.000219419
            130       0.049811      0.0490497    0.000217805
            131      0.0545824       0.049092    0.000220223
            132      0.0493411      0.0490939    0.000218557
            133      0.0497348      0.0490987    0.000216961
            134      0.0491608      0.0490991    0.000215336
            135      0.0508075      0.0491118    0.000214109
            136      0.0455361      0.0490855    0.000214149
            137      0.0510772         0.0491    0.000213077
            138      0.0485629      0.0490961    0.000211563
            139      0.0518824      0.0491162     0.00021099
            140      0.0525992      0.0491411    0.000210949
            141      0.0479447      0.0491326     0.00020962
            142      0.0492772      0.0491336    0.000208141
            143      0.0487269      0.0491308      0.0002067
            144      0.0495682      0.0491338    0.000205282
            145      0.0458427      0.0491111    0.000205121
            146      0.0486211      0.0491077    0.000203739
            147      0.0504538      0.0491169    0.000202555
            148      0.0461152      0.0490966    0.000202201
            149       0.050686      0.0491073    0.000201123
            150      0.0456861      0.0490845    0.000201075
            151      0.0506695       0.049095    0.000200015
            152      0.0523128      0.0491161    0.000199819
            153      0.0472864      0.0491042    0.000198869
            154      0.0494865      0.0491067    0.000197589
            155      0.0495701      0.0491097    0.000196333
            156      0.0506925      0.0491198    0.000195334
            157      0.0489957       0.049119    0.000194087
            158      0.0528875      0.0491429    0.000194324
            159      0.0494195      0.0491446    0.000193106
            160      0.0493198      0.0491457    0.000191898
            161      0.0481822      0.0491397    0.000190797
            162      0.0467545       0.049125    0.000190186
            163       0.050843      0.0491355    0.000189309
            164      0.0487705      0.0491333    0.000188165
            165      0.0482822      0.0491282    0.000187092
            166      0.0491767      0.0491284    0.000185962
            167      0.0496794      0.0491317    0.000184874
            168      0.0465554      0.0491164    0.000184409
            169      0.0442158      0.0490874    0.000185594
            170      0.0494957      0.0490898    0.000184515
            171      0.0471949      0.0490787    0.000183767
            172      0.0495886      0.0490817    0.000182719
            173      0.0500733      0.0490874    0.000181751
            174      0.0500067      0.0490927     0.00018078
            175      0.0497544      0.0490965    0.000179784
            176      0.0518468      0.0491121    0.000179441
            177      0.0478534       0.049105    0.000178566
            178       0.045763      0.0490862     0.00017855
            179      0.0476647      0.0490783    0.000177727
            180      0.0475765      0.0490699    0.000176934
            181       0.048067      0.0490644    0.000176041
            182      0.0495942      0.0490673    0.000175095
            183      0.0484792      0.0490641    0.000174166
            184      0.0518776      0.0490794     0.00017389
            185      0.0502742      0.0490859    0.000173068
            186      0.0496202      0.0490887    0.000172159
            187      0.0531944      0.0491107    0.000172638
            188      0.0460993      0.0490947    0.000172462
            189      0.0467938      0.0490825    0.000171979
            190      0.0493533      0.0490839    0.000171077
            191      0.0459503      0.0490675    0.000170968
            192      0.0488977      0.0490666    0.000170078
            193       0.048622      0.0490643     0.00016921
            194      0.0481282      0.0490595    0.000168405
            195      0.0519229      0.0490742    0.000168181
            196      0.0476703       0.049067    0.000167474
            197      0.0475214      0.0490592    0.000166806
            198      0.0452424      0.0490399    0.000167078
            199      0.0489385      0.0490394    0.000166237
            200      0.0516089      0.0490522    0.000165902
            201      0.0454862      0.0490345    0.000166025
            202      0.0531629      0.0490549     0.00016646
            203      0.0483925      0.0490517     0.00016567
            204      0.0494353      0.0490535    0.000164867
            205      0.0499587       0.049058     0.00016412
            206      0.0490099      0.0490577    0.000163322
            207      0.0531793      0.0490776    0.000163746
            208      0.0453446      0.0490597    0.000163942
            209       0.048133      0.0490553    0.000163216
            210      0.0486035      0.0490531    0.000162451
            211      0.0484032        0.04905    0.000161709
            212      0.0534538      0.0490708    0.000162279
            213      0.0504242      0.0490772     0.00016164
            214      0.0525774      0.0490935    0.000161713
            215      0.0501938      0.0490986     0.00016104
            216      0.0433905      0.0490722    0.000162457
            217      0.0496798       0.049075     0.00016173
            218      0.0485943      0.0490728    0.000161002
            219      0.0505584      0.0490796    0.000160409
            220      0.0506655      0.0490868     0.00015984
            221      0.0490565      0.0490866    0.000159116
            222      0.0456362      0.0490711    0.000159158
            223      0.0524468      0.0490862    0.000159164
            224      0.0486144      0.0490841    0.000158466
            225      0.0463282      0.0490719    0.000158235
            226      0.0482388      0.0490682    0.000157576
            227      0.0487505      0.0490668    0.000156887
            228      0.0504384      0.0490728    0.000156313
            229      0.0510191      0.0490813    0.000155861
            230      0.0444359      0.0490611    0.000156491
            231      0.0498204      0.0490644    0.000155846
            232      0.0499175      0.0490681    0.000155217
            233      0.0475982      0.0490618    0.000154678
            234      0.0476719      0.0490558     0.00015413
            235      0.0520965      0.0490688    0.000154017
            236      0.0500349      0.0490729    0.000153418
            237      0.0513296      0.0490824    0.000153065
            238      0.0443913      0.0490627     0.00015369
            239      0.0484611      0.0490602    0.000153066
            240      0.0505929      0.0490665    0.000152561
            241      0.0454805      0.0490517    0.000152654
            242      0.0478808      0.0490468    0.000152098
            243      0.0478678       0.049042    0.000151549
            244       0.053204       0.049059    0.000151887
            245      0.0462867      0.0490477    0.000151689
            246      0.0492467      0.0490485    0.000151073
            247      0.0536124       0.049067     0.00015159
            248      0.0513117      0.0490761    0.000151249
            249      0.0499216      0.0490795    0.000150679
            250      0.0450784      0.0490634    0.000150926
            251      0.0485535      0.0490614    0.000150337
            252      0.0498305      0.0490645     0.00014977
            253       0.046594      0.0490547    0.000149496
            254      0.0496106      0.0490569    0.000148923
            255      0.0512476      0.0490655    0.000148586
            256      0.0472779      0.0490585    0.000148169
            257      0.0508507      0.0490655    0.000147756
            258      0.0520397       0.049077    0.000147633
            259      0.0520243      0.0490884    0.000147502
            260      0.0513398       0.049097    0.000147188
            261      0.0498254      0.0490998     0.00014665
            262      0.0464621      0.0490898    0.000146435
            263      0.0494503      0.0490911    0.000145884
            264       0.047738       0.049086    0.000145421
            265      0.0524134      0.0490986    0.000145414
            266      0.0450064      0.0490832    0.000145681
            267      0.0482611      0.0490801    0.000145167
            268      0.0421018      0.0490541    0.000146949
            269      0.0514557       0.049063    0.000146674
            270      0.0490196      0.0490628     0.00014613
            271      0.0511115      0.0490704    0.000145786
            272       0.055979      0.0490958    0.000147453
            273      0.0464316       0.049086    0.000147236
            274      0.0509166      0.0490927    0.000146849
            275      0.0482778      0.0490898    0.000146344
            276      0.0459973      0.0490785    0.000146243
            277      0.0467318      0.0490701     0.00014596
            278      0.0535714      0.0490863    0.000146333
            279      0.0478124      0.0490817    0.000145879
            280      0.0447578      0.0490663    0.000146175
            281      0.0492669       0.049067    0.000145656
            282      0.0485415      0.0490651     0.00014515
            283      0.0479442      0.0490611     0.00014469
            284      0.0496524      0.0490632    0.000144195
            285       0.052382      0.0490749    0.000144159
            286       0.047586      0.0490697    0.000143749
            287      0.0473524      0.0490637    0.000143372
            288      0.0522264      0.0490747    0.000143295
            289       0.047061      0.0490677    0.000142968
            290      0.0475074      0.0490623    0.000142576
            291      0.0459695      0.0490517    0.000142482
            292      0.0448289      0.0490372    0.000142727
            293      0.0504886      0.0490422    0.000142326
            294      0.0472463      0.0490361    0.000141972
            295      0.0470501      0.0490293     0.00014165
            296      0.0502828      0.0490336    0.000141234
            297      0.0467105      0.0490258    0.000140975
            298      0.0512195      0.0490331    0.000140694
            299      0.0505693      0.0490383    0.000140317
            300      0.0481018      0.0490351    0.000139883
            301      0.0489191      0.0490347    0.000139418
            302       0.047041      0.0490281    0.000139113
            303      0.0484661      0.0490263    0.000138665
            304      0.0512695      0.0490337    0.000138405
            305      0.0487032      0.0490326    0.000137955
            306       0.043773      0.0490154    0.000138573
            307      0.0470165      0.0490089    0.000138275
            308       0.048237      0.0490064    0.000137848
            309      0.0499987      0.0490096    0.000137438
            310      0.0493713      0.0490108    0.000136999
            311      0.0505964      0.0490159    0.000136653
            312      0.0491924      0.0490164    0.000136216
            313      0.0470359      0.0490101    0.000135927
            314      0.0490738      0.0490103    0.000135494
            315      0.0471225      0.0490043    0.000135196
            316      0.0503683      0.0490086    0.000134836
            317      0.0444818      0.0489943    0.000135167
            318       0.049698      0.0489966    0.000134759
            319      0.0486007      0.0489953    0.000134342
            320      0.0570085      0.0490204    0.000136242
            321      0.0489368      0.0490201    0.000135818
            322      0.0506619      0.0490252    0.000135491
            323      0.0489342      0.0490249    0.000135071
            324      0.0454907       0.049014    0.000135095
            325      0.0511009      0.0490204    0.000134831
            326      0.0462517      0.0490119    0.000134685
            327      0.0460501      0.0490029    0.000134578
            328      0.0501133      0.0490063     0.00013421
            329      0.0503024      0.0490102    0.000133859
            330      0.0475805      0.0490059    0.000133523
            331      0.0470469      0.0489999    0.000133251
            332      0.0471523      0.0489944    0.000132965
            333      0.0479293      0.0489912    0.000132604
            334      0.0473863      0.0489864    0.000132294
            335      0.0485844      0.0489852    0.000131904
            336      0.0487845      0.0489846    0.000131512
            337      0.0533517      0.0489975     0.00013176
            338      0.0503433      0.0490015     0.00013143
            339      0.0483949      0.0489997    0.000131054
            340      0.0481987      0.0489974    0.000130689
            341      0.0527147      0.0490083     0.00013076
            342      0.0541253      0.0490232    0.000131233
            343      0.0460284      0.0490145    0.000131141
            344      0.0509855      0.0490202    0.000130884
            345      0.0477277      0.0490165    0.000130558
            346       0.048822      0.0490159    0.000130182
            347      0.0510982      0.0490219    0.000129945
            348      0.0490946      0.0490221    0.000129571
            349      0.0505752      0.0490266    0.000129276
            350      0.0479708      0.0490236    0.000128941
            351      0.0484202      0.0490219    0.000128585
            352      0.0480412      0.0490191    0.000128249
            353      0.0462819      0.0490113     0.00012812
            354      0.0458919      0.0490025    0.000128061
            355      0.0473769      0.0489979    0.000127782
            356      0.0493336      0.0489989    0.000127426
            357      0.0534806      0.0490114    0.000127687
            358      0.0483771      0.0490096    0.000127342
            359      0.0480872      0.0490071    0.000127013
            360      0.0495503      0.0490086    0.000126669
            361      0.0539249      0.0490222     0.00012705
            362      0.0502004      0.0490255     0.00012674
            363      0.0533001      0.0490372    0.000126938
            364      0.0477654      0.0490337    0.000126637
            365      0.0463341      0.0490263    0.000126506
            366      0.0496344       0.049028     0.00012617
            367      0.0494391      0.0490291    0.000125831
            368      0.0456929      0.0490201    0.000125816
            369        0.04429      0.0490072    0.000126127
            370      0.0473731      0.0490028    0.000125864
            371      0.0460485      0.0489949    0.000125776
            372      0.0510225      0.0490003    0.000125556
            373      0.0517617      0.0490077    0.000125438
            374      0.0539401      0.0490209    0.000125795
            375      0.0455422      0.0490116    0.000125802
            376      0.0480722      0.0490091    0.000125491
            377      0.0551039      0.0490253    0.000126198
            378      0.0467495      0.0490193    0.000126008
            379       0.051745      0.0490265     0.00012588
            380      0.0509648      0.0490316    0.000125652
            381      0.0481311      0.0490292    0.000125344
            382      0.0529475      0.0490395    0.000125436
            383      0.0498865      0.0490417    0.000125127
            384      0.0510724       0.049047    0.000124913
            385      0.0497146      0.0490487      0.0001246
            386      0.0497464      0.0490505     0.00012429
            387      0.0454796      0.0490413    0.000124312
            388       0.048097      0.0490388    0.000124015
            389      0.0531461      0.0490494    0.000124145
            390      0.0530111      0.0490596    0.000124242
            391      0.0516386      0.0490662      0.0001241
            392      0.0495131      0.0490673    0.000123788
            393      0.0480145      0.0490646    0.000123502
            394      0.0478155      0.0490614    0.000123229
            395      0.0527233      0.0490707    0.000123265
            396      0.0491081      0.0490708    0.000122954
            397      0.0487345        0.04907    0.000122646
            398      0.0545378      0.0490837    0.000123107
            399      0.0468188       0.049078    0.000122929
            400      0.0476145      0.0490744    0.000122676
            401       0.048032      0.0490718    0.000122397
            402      0.0518664      0.0490787     0.00012229
            403      0.0494863      0.0490797    0.000121991
            404      0.0486798      0.0490787    0.000121692
            405      0.0508981      0.0490832    0.000121475
            406      0.0446429      0.0490723    0.000121667
            407      0.0555998      0.0490883    0.000122423
            408      0.0532326      0.0490985    0.000122545
            409      0.0436174      0.0490851    0.000122977
            410      0.0494876      0.0490861    0.000122681
            411       0.044041      0.0490738    0.000122996
            412      0.0531694      0.0490837    0.000123099
            413      0.0511846      0.0490888    0.000122906
            414      0.0528426      0.0490979    0.000122943
            415      0.0523458      0.0491057    0.000122896
            416      0.0476155      0.0491021    0.000122653
            417      0.0468976      0.0490969    0.000122472
            418       0.044191      0.0490851    0.000122741
            419      0.0504534      0.0490884    0.000122492
            420      0.0481677      0.0490862    0.000122219
            421      0.0467249      0.0490806    0.000122058
            422       0.046917      0.0490755    0.000121876
            423      0.0503235      0.0490784    0.000121623
            424      0.0453448      0.0490696    0.000121655
            425      0.0474006      0.0490657    0.000121432
            426      0.0457268      0.0490578      0.0001214
            427      0.0490543      0.0490578    0.000121115
            428      0.0512869       0.049063    0.000120944
            429      0.0494364      0.0490639    0.000120665
            430      0.0469622       0.049059    0.000120483
            431      0.0459919      0.0490519    0.000120414
            432      0.0450414      0.0490426    0.000120493
            433      0.0450838      0.0490335    0.000120562
            434      0.0436512      0.0490211    0.000120921
            435       0.047863      0.0490184    0.000120672
            436      0.0482062      0.0490165     0.00012041
            437      0.0496483       0.049018    0.000120142
            438      0.0498879        0.04902    0.000119884
            439      0.0461735      0.0490135    0.000119786
            440      0.0486709      0.0490127    0.000119516
            441      0.0475949      0.0490095    0.000119288
            442      0.0535221      0.0490197    0.000119455
            443       0.053745      0.0490304    0.000119662
            444      0.0481385      0.0490284    0.000119409
            445      0.0491226      0.0490286     0.00011914
            446      0.0469146      0.0490238    0.000118967
            447      0.0466584      0.0490185    0.000118819
            448      0.0477628      0.0490157    0.000118586
            449       0.051905      0.0490222    0.000118497
            450      0.0483556      0.0490207    0.000118243
            451      0.0465755      0.0490153    0.000118105
            452      0.0508581      0.0490194    0.000117914
            453      0.0473455      0.0490157    0.000117711
            454      0.0491796       0.049016    0.000117452
            455      0.0490295       0.049016    0.000117194
            456       0.052058      0.0490227    0.000117126
            457      0.0494686      0.0490237    0.000116874
            458      0.0464566      0.0490181    0.000116753
            459      0.0514693      0.0490234    0.000116621
            460       0.047089      0.0490192    0.000116443
            461      0.0506619      0.0490228    0.000116245
            462      0.0463258       0.049017     0.00011614
            463      0.0517951       0.049023    0.000116044
            464      0.0458831      0.0490162    0.000115991
            465      0.0470081      0.0490119    0.000115822
            466      0.0501281      0.0490143    0.000115598
            467      0.0553307      0.0490278     0.00011614
            468      0.0468149      0.0490231    0.000115988
            469      0.0488183      0.0490226    0.000115741
            470       0.051242      0.0490273    0.000115591
            471      0.0469723       0.049023    0.000115428
            472      0.0500389      0.0490251    0.000115204
            473      0.0467157      0.0490203    0.000115063
            474      0.0466166      0.0490152    0.000114932
            475      0.0456222       0.049008    0.000114912
            476      0.0487391      0.0490075    0.000114672
            477       0.052043      0.0490138    0.000114608
            478      0.0519515        0.04902    0.000114533
            479      0.0465261      0.0490148    0.000114412
            480      0.0541031      0.0490254    0.000114665
            481      0.0492847      0.0490259    0.000114427
            482      0.0513171      0.0490307    0.000114289
            483       0.051065      0.0490349     0.00011413
            484      0.0508964      0.0490387    0.000113958
            485      0.0453145       0.049031    0.000113982
            486      0.0482152      0.0490294     0.00011376
            487      0.0474937      0.0490262     0.00011357
            488      0.0462577      0.0490205    0.000113479
            489      0.0492046      0.0490209    0.000113247
            490      0.0500846      0.0490231    0.000113036
            491      0.0473719      0.0490197    0.000112856
            492      0.0488793      0.0490194    0.000112627
            493       0.046987      0.0490153    0.000112474
            494      0.0485759      0.0490144    0.000112249
            495      0.0497434      0.0490159    0.000112032
            496       0.049456      0.0490168    0.000111809
            497      0.0476732      0.0490141    0.000111617
            498      0.0512325      0.0490185    0.000111482
            499      0.0481362      0.0490168    0.000111272
            500      0.0465985      0.0490119    0.000111155
