              1      -0.461664      -0.461664              0
              2      -0.461272      -0.461468    0.000138593
              3      -0.461384       -0.46144    9.51817e-05
              4      -0.461764      -0.461521    0.000100084
              5       -0.46252      -0.461721    0.000195823
              6      -0.461228      -0.461639    0.000179586
              7      -0.462336      -0.461738    0.000179447
              8       -0.46196      -0.461766    0.000159141
              9       -0.46054       -0.46163    0.000191064
             10      -0.460692      -0.461536    0.000193608
             11      -0.463212      -0.461688    0.000228217
             12      -0.463448      -0.461835    0.000251941
             13      -0.462336      -0.461874     0.00023549
             14        -0.4644      -0.462054    0.000279386
             15      -0.463788       -0.46217     0.00028367
             16      -0.461756      -0.462144    0.000267115
             17        -0.4618      -0.462124    0.000252167
             18      -0.462404      -0.462139    0.000238639
             19      -0.462284      -0.462147    0.000226201
             20      -0.461368      -0.462108    0.000218216
             21      -0.461632      -0.462085    0.000208998
             22      -0.461828      -0.462073    0.000199824
             23       -0.46112      -0.462032    0.000195389
             24      -0.461584      -0.462013    0.000188137
             25      -0.463184       -0.46206    0.000186348
             26      -0.462104      -0.462062    0.000179189
             27      -0.463596      -0.462119    0.000181337
             28      -0.463436      -0.462166    0.000180861
             29      -0.463184      -0.462201       0.000178
             30       -0.46296      -0.462226    0.000173857
             31       -0.46162      -0.462207    0.000169344
             32      -0.461268      -0.462177    0.000166573
             33      -0.461296      -0.462151    0.000163652
             34      -0.461964      -0.462145    0.000158931
             35       -0.46152      -0.462127     0.00015539
             36      -0.460024      -0.462069    0.000161683
             37      -0.463916      -0.462119    0.000164841
             38        -0.4615      -0.462102    0.000161306
             39      -0.463284      -0.462133    0.000159989
             40      -0.461624       -0.46212    0.000156494
