              1       0.196365       0.196365              0
              2       0.195308       0.195836    0.000373842
              3        0.19774       0.196471    0.000575058
              4       0.196879       0.196573    0.000440254
              5       0.199072       0.197073     0.00056912
              6       0.195027       0.196732    0.000567294
              7       0.198605          0.197    0.000545735
              8       0.198018       0.197127    0.000492151
              9       0.193975       0.196777    0.000548082
             10       0.196706        0.19677     0.00049332
             11       0.195158       0.196623    0.000469731
             12       0.193688       0.196378     0.00049016
             13       0.196492       0.196387    0.000452533
             14       0.195724        0.19634    0.000422684
             15       0.195343       0.196273    0.000399699
             16       0.198386       0.196405    0.000395929
             17       0.199506       0.196588    0.000412514
             18       0.196178       0.196565    0.000390223
             19       0.200408       0.196767    0.000418838
             20       0.198499       0.196854     0.00040675
             21       0.193435       0.196691    0.000418694
             22       0.193657       0.196553     0.00042176
             23       0.199443       0.196679    0.000421718
             24       0.195204       0.196617      0.0004086
             25       0.196036       0.196594    0.000392917
             26       0.197475       0.196628    0.000379263
             27       0.198272       0.196689    0.000370074
             28       0.196863       0.196695    0.000356909
             29       0.194626       0.196624    0.000351663
             30       0.200738       0.196761    0.000365705
             31        0.19702       0.196769    0.000354004
             32        0.19183       0.196615    0.000375079
             33       0.195136        0.19657    0.000366379
             34       0.197698       0.196603    0.000357103
             35       0.197067       0.196616    0.000347146
             36       0.196325       0.196608    0.000337597
             37       0.189989       0.196429    0.000372877
             38       0.194738       0.196385    0.000365713
             39       0.199573       0.196467    0.000365355
             40       0.192824       0.196376    0.000367395
