              1       0.003692       0.003692              0
              2      -0.001558       0.001067     0.00185616
              3       -0.00165    0.000161333     0.00144155
              4      -0.000172        7.8e-05     0.00108357
              5        0.00344      0.0007504     0.00105505
              6       0.002748     0.00108333    0.000930259
              7       -0.00377        0.00039     0.00102364
              8        0.00472     0.00093125     0.00102887
              9      -0.007592   -1.57778e-05     0.00127813
             10       0.000942          8e-05      0.0011539
             11       0.004998    0.000527091     0.00113231
             12      -0.000418    0.000448333     0.00104068
             13       0.001854    0.000556462    0.000966232
             14      -0.007916   -4.87143e-05     0.00107008
             15       -0.00185     -0.0001688     0.00100546
             16      -0.001736    -0.00026675    0.000947376
             17      -0.003588   -0.000462118     0.00091157
             18       0.005308   -0.000141556    0.000915558
             19       -5.2e-05   -0.000136842    0.000867383
             20      -0.006632     -0.0004616    0.000882719
             21       -0.00384   -0.000622476    0.000855219
             22       -0.00267   -0.000715545    0.000821394
             23      -0.003944   -0.000855913    0.000797585
             24      -0.003612    -0.00097075    0.000772575
             25        0.00163    -0.00086672    0.000748643
             26       -0.00476    -0.00101646    0.000734672
             27      -0.000356      -0.000992    0.000707869
             28       -0.00094   -0.000990143     0.00068259
             29       0.000386    -0.00094269      0.0006607
             30      -0.002278     -0.0009872    0.000640174
             31       0.003548   -0.000840903     0.00063602
             32       -0.00756    -0.00105087    0.000649881
             33      -0.001862    -0.00107545    0.000630652
             34      -0.003056    -0.00113371    0.000614788
             35       0.003216    -0.00100943    0.000609654
             36       0.005236   -0.000835944    0.000616909
             37      -0.005274   -0.000955892    0.000611786
             38      -0.004936    -0.00106063    0.000604585
             39      -0.000608    -0.00104903    0.000589195
             40        -0.0031     -0.0011003    0.000576691
