              1        1.38862        1.38862              0
              2        1.34269        1.36566      0.0162373
              3        1.37454        1.36862      0.0110917
              4        1.33423        1.36002      0.0111643
              5        1.37434        1.36289     0.00929168
              6        1.31379         1.3547      0.0107585
              7        1.34683        1.35358     0.00928028
              8        1.38698        1.35775     0.00901046
              9        1.33926         1.3557     0.00824035
             10        1.36063        1.35619     0.00743108
             11        1.37529        1.35793     0.00695533
             12        1.34106        1.35652     0.00651623
             13         1.3818        1.35847     0.00629848
             14        1.34646        1.35761     0.00590672
             15        1.33577        1.35615     0.00568947
             16        1.34917        1.35572     0.00535059
             17        1.39912        1.35827     0.00561215
             18        1.33973        1.35724     0.00539403
             19         1.3811         1.3585     0.00525424
             20        1.33474        1.35731     0.00512397
             21        1.34643        1.35679     0.00490609
             22        1.36472        1.35715     0.00469631
             23        1.35058        1.35686     0.00450079
             24        1.39944        1.35864     0.00464974
             25        1.39902        1.36025     0.00473603
             26         1.3321        1.35917     0.00467606
             27        1.37744        1.35985     0.00455159
             28        1.34786        1.35942     0.00440913
             29        1.38794         1.3604     0.00436539
             30        1.35128         1.3601     0.00423046
             31         1.3584        1.36004     0.00409434
             32        1.35616        1.35992     0.00396819
             33        1.38561         1.3607     0.00392353
             34        1.36173        1.36073     0.00380825
             35        1.37542        1.36115     0.00372251
             36        1.33846        1.36052     0.00367208
             37        1.36747        1.36071     0.00357764
             38        1.38794        1.36143     0.00355456
             39        1.36215        1.36144     0.00346346
             40        1.33601        1.36081     0.00343474
