0
-nan
0.00530385
0.00730868
0.00760212
0.00674086
0.00669937
0.00581736
0.00534682
0.0054392
0.00704754
0.00642113
0.00588751
0.00549948
0.00520273
0.00498423
0.0047262
0.00444853
0.0042013
0.00398064
0.00378163
0.00360654
0.003517
0.00340642
0.00337499
0.00332536
0.00326609
0.0031554
0.00306806
0.00298087
0.00288532
0.00287289
0.00287456
0.00293128
0.00286806
0.00278681
0.00290354
0.00282568
0.00275238
0.00269348
0.00272454
0.00270716
0.0027064
0.00264948
0.0026091
0.0025649
0.00250926
0.00247269
0.00249162
0.00248108
0.00246845
0.0024352
0.00239144
0.00234736
0.00230549
0.00226749
0.00223611
0.00219788
0.00216118
0.00212904
0.00210603
0.00207251
0.00203998
0.00200829
0.00199512
0.00196484
0.00198386
0.00199027
0.00198034
0.00195307
0.00192541
0.00189834
0.00187256
0.00184897
0.00185489
0.00183599
0.00182149
0.00180173
0.0017785
0.00175614
0.00173578
0.00172172
0.00171369
0.00169414
0.00168087
0.00166499
0.00167349
0.00165896
0.00164264
0.00163157
0.00161564
0.00163617
0.00161902
0.00160152
0.00159709
0.00158855
0.00157459
0.00158414
0.00158762
0.00157352
