0.527
0.527
0.5345
0.526667
0.53275
0.536
0.54
0.539
0.53725
0.534444
0.5291
0.529545
0.529417
0.528538
0.529571
0.530733
0.53
0.529941
0.529944
0.53
0.53
0.529809
0.530545
0.53
0.530875
0.53164
0.530961
0.531222
0.530821
0.530483
0.530333
0.529645
0.530375
0.529454
0.529823
0.529886
0.530944
0.530892
0.530816
0.530564
0.5313
0.53078
0.53019
0.530372
0.530045
0.530311
0.530283
0.530574
0.529979
0.530429
0.53086
0.530588
0.530462
0.530396
0.530481
0.530618
0.530821
0.530754
0.530828
0.530966
0.530733
0.530672
0.530613
0.530667
0.530937
0.530985
0.530545
0.530925
0.530647
0.530725
0.530757
0.530775
0.530722
0.530808
0.531149
0.531293
0.531105
0.530987
0.531013
0.531038
0.531112
0.531272
0.531061
0.531
0.530845
0.530729
0.531035
0.530908
0.530818
0.530663
0.530744
0.531099
0.531141
0.53114
0.53134
0.531179
0.531271
0.531557
0.531306
0.531384
