-4.974650e-01	4.715640e-01	-4.841020e-01
-3.184610e-01	-3.736810e-01	-4.773440e-01
-4.570680e-01	-3.480310e-01	-2.828700e-01
-3.059800e-01	4.790640e-01	-2.984010e-01
-1.445800e-01	4.767990e-01	-4.570060e-01
1.381640e-02	-3.622430e-01	-4.604430e-01
-1.511680e-01	-3.520570e-01	-3.115270e-01
1.811760e-02	4.693790e-01	-2.926260e-01
1.735680e-01	4.549300e-01	-4.600600e-01
3.329400e-01	-3.820560e-01	-4.583260e-01
1.787780e-01	-3.637840e-01	-2.928870e-01
3.548850e-01	4.895570e-01	-2.765770e-01
4.906150e-01	-1.977810e-01	-4.758220e-01
-3.239520e-01	-2.824930e-03	-4.611920e-01
-4.911910e-01	-5.681120e-02	-2.960220e-01
-3.045810e-01	-1.907120e-01	-3.361060e-01
-1.485080e-01	-2.105070e-01	-4.887890e-01
1.579600e-02	-1.773420e-02	-4.757990e-01
-1.417200e-01	-3.867450e-02	-2.893760e-01
7.774740e-03	-1.969140e-01	-2.975570e-01
1.829070e-01	-2.051070e-01	-4.601390e-01
3.459510e-01	-2.299890e-02	-4.716260e-01
1.678450e-01	-3.103320e-02	-3.149260e-01
3.409540e-01	-2.062350e-01	-2.992670e-01
-4.814490e-01	1.601960e-01	-4.823020e-01
-3.072420e-01	3.248410e-01	-4.660160e-01
-4.702440e-01	3.404030e-01	-2.948960e-01
-3.355990e-01	1.376790e-01	-3.021650e-01
-1.530820e-01	1.406910e-01	-4.437790e-01
-3.353900e-04	2.947250e-01	-4.572320e-01
-1.631410e-01	3.027260e-01	-2.973840e-01
-4.922890e-04	1.450650e-01	-2.957410e-01
1.706320e-01	1.436680e-01	-4.410680e-01
3.508900e-01	3.220720e-01	-4.636980e-01
1.620120e-01	3.048450e-01	-2.882030e-01
3.488860e-01	1.476280e-01	-2.917750e-01
-4.706000e-01	4.882910e-01	-1.230310e-01
-3.085600e-01	-3.420090e-01	-1.278210e-01
-4.822760e-01	-3.403510e-01	5.047510e-02
-3.192520e-01	4.959950e-01	4.028940e-02
-1.861030e-01	4.760390e-01	-1.206510e-01
5.987960e-03	-3.651540e-01	-1.357100e-01
-1.650830e-01	-3.368860e-01	2.529550e-02
-1.730090e-02	4.552240e-01	8.271120e-03
1.736020e-01	4.640600e-01	-1.098140e-01
3.295990e-01	-3.659920e-01	-1.264650e-01
1.745550e-01	-3.641010e-01	2.836570e-02
3.507740e-01	4.505160e-01	1.113740e-02
-4.965060e-01	-2.119330e-01	-1.206940e-01
-3.181820e-01	-4.372210e-02	-1.323190e-01
4.958430e-01	-2.353140e-02	3.929180e-02
-3.297730e-01	-1.790420e-01	3.201720e-02
-1.458560e-01	-1.887860e-01	-1.356460e-01
7.146960e-03	-2.710010e-02	-1.349320e-01
-1.520370e-01	-2.812560e-02	3.775540e-02
1.322950e-03	-1.934760e-01	4.199620e-02
1.777970e-01	-1.976790e-01	-1.361670e-01
3.292610e-01	-3.366340e-02	-1.552390e-01
1.706350e-01	-1.478740e-02	3.292340e-02
3.132780e-01	-1.816500e-01	3.248020e-02
-4.894190e-01	1.371930e-01	-1.281500e-01
-3.451720e-01	3.088830e-01	-1.272630e-01
4.940760e-01	3.045720e-01	2.410770e-02
-3.252880e-01	1.556540e-01	4.291050e-02
-1.629170e-01	1.293310e-01	-1.414950e-01
-2.874060e-02	3.072080e-01	-1.340620e-01
-1.504340e-01	2.928190e-01	5.238450e-02
6.562640e-03	1.352810e-01	2.538050e-02
1.753520e-01	1.121680e-01	-1.554320e-01
3.392110e-01	3.000050e-01	-1.348620e-01
1.633750e-01	2.889220e-01	5.196050e-03
3.446130e-01	1.399240e-01	2.704910e-02
-4.966770e-01	4.658640e-01	1.813980e-01
-3.221530e-01	-3.500500e-01	2.184070e-01
-4.908310e-01	-3.655780e-01	3.667050e-01
-3.174960e-01	4.765280e-01	3.568540e-01
-1.555870e-01	4.791270e-01	1.899340e-01
2.872410e-02	-3.715770e-01	1.836330e-01
-1.415970e-01	-3.758040e-01	3.571710e-01
1.006200e-02	4.664780e-01	3.826430e-01
1.768010e-01	4.514550e-01	1.708040e-01
3.480030e-01	-3.737820e-01	1.942090e-01
1.755280e-01	-3.819130e-01	3.660200e-01
3.434820e-01	4.691860e-01	3.542610e-01
-4.760680e-01	-1.798230e-01	2.183330e-01
-3.082620e-01	-1.773830e-02	1.970820e-01
-4.801770e-01	-1.523810e-02	3.780100e-01
-3.356590e-01	-1.887030e-01	3.820710e-01
-1.672680e-01	-1.836640e-01	2.115260e-01
3.447580e-02	-3.056480e-02	2.116160e-01
-1.750750e-01	-2.758770e-02	3.772940e-01
1.684750e-02	-2.080710e-01	3.666470e-01
1.727230e-01	-2.028710e-01	1.904570e-01
3.406760e-01	-2.684360e-02	1.993320e-01
1.756800e-01	-1.920310e-02	3.804770e-01
3.410160e-01	-1.963320e-01	3.722970e-01
-4.694920e-01	1.337080e-01	2.020590e-01
-3.319570e-01	3.140550e-01	2.062360e-01
-4.903180e-01	2.966050e-01	3.662920e-01
-3.133010e-01	1.494990e-01	3.628950e-01
-1.694080e-01	1.535430e-01	2.135700e-01
-9.695790e-03	2.934990e-01	2.027980e-01
-1.524720e-01	3.340350e-01	3.760560e-01
-2.159900e-02	1.491260e-01	3.826430e-01
1.854730e-01	1.412140e-01	1.847070e-01
3.482830e-01	2.935900e-01	1.894760e-01
1.726220e-01	2.919430e-01	3.720530e-01
3.360320e-01	1.508450e-01	3.597030e-01
