0            0.713217                   0
                   1            0.680188           0.0330286
                   2            0.659504           0.0281333
                   3            0.649041           0.0224768
                   4            0.661963           0.0216817
                   5            0.653971           0.0194234
                   6            0.652724            0.016463
                   7            0.649204           0.0146856
                   8             0.65953           0.0165643
                   9            0.656144           0.0151977
                  10            0.640427           0.0208808
                  11            0.656081           0.0246657
                  12            0.669208           0.0262132
                  13            0.659611           0.0260976
                  14            0.670744           0.0267247
                  15            0.683634           0.0281266
                  16             0.68531           0.0264734
                  17            0.699899           0.0289105
                  18             0.70446           0.0277244
                  19            0.703137           0.0263349
                  20            0.710734            0.026176
                  21            0.707778           0.0251322
                  22            0.712583           0.0244905
                  23             0.70538           0.0245292
                  24            0.709453           0.0238775
                  25            0.712142           0.0230978
                  26            0.713763           0.0222849
                  27            0.717935           0.0218758
                  28            0.726087           0.0226274
                  29            0.730206           0.0222449
                  30             0.73212           0.0216003
                  31            0.731377           0.0209276
                  32            0.728719            0.020457
                  33            0.734348           0.0206293
                  34            0.738877           0.0205367
                  35            0.740865           0.0200568
                  36            0.744038           0.0197636
                  37            0.750262           0.0202182
                  38            0.749517           0.0197071
                  39            0.748534           0.0192332
                  40            0.747515           0.0187859
                  41            0.748276           0.0183489
                  42            0.742781           0.0187408
                  43            0.741929           0.0183297
                  44            0.740444           0.0179792
                  45             0.73897           0.0176456
                  46            0.734899           0.0177396
                  47            0.737973            0.017636
                  48            0.738955           0.0173002
                  49            0.742021           0.0172257
                  50            0.741793           0.0168861
                  51            0.743983           0.0167024
                  52            0.742311           0.0164693
                  53            0.742554           0.0161633
                  54            0.746213            0.016283
                  55            0.744155           0.0161215
                  56            0.740591           0.0162324
                  57            0.739364           0.0159971
                  58            0.741416           0.0158569
                  59            0.741842           0.0155962
                  60            0.743493            0.015427
                  61            0.740424           0.0154834
                  62            0.739055            0.015297
                  63            0.737389           0.0151479
                  64            0.739326           0.0150382
                  65            0.743704           0.0154423
                  66            0.744506           0.0152312
                  67            0.740176           0.0156177
                  68            0.738616           0.0154685
                  69             0.73743            0.015292
                  70              0.7383           0.0151002
                  71            0.741192           0.0151673
                  72            0.742129           0.0149875
                  73            0.743295           0.0148294
                  74            0.740872           0.0148296
                  75            0.741454           0.0146448
                  76            0.741335           0.0144538
                  77             0.73868           0.0145122
                  78            0.738958             0.01433
                  79            0.740334           0.0142165
                  80            0.741258           0.0140703
                  81            0.737496           0.0143979
                  82             0.73863           0.0142685
                  83            0.735507           0.0144394
                  84            0.736278           0.0142893
                  85            0.734548           0.0142277
                  86            0.734973           0.0140696
                  87            0.736496            0.013992
                  88            0.736629           0.0138346
                  89            0.738147           0.0137639
                  90            0.737606           0.0136225
                  91            0.738643           0.0135134
                  92            0.736547           0.0135307
                  93            0.735142           0.0134595
                  94             0.73693           0.0134366
                  95            0.736172           0.0133175
                  96            0.738264           0.0133444
                  97            0.736523           0.0133218
                  98            0.737562           0.0132275
                  99            0.736282            0.013157
