1             6.30523                   0                 1.5                 1.1
3             1.34862           0.0758995            0.539105             1.43467
5             1.34862           0.0758995            0.539105             1.43467
7           -0.395636          0.00598698            0.798331            0.719185
9           -0.395636          0.00598698            0.798331            0.719185
11            0.344619           0.0120151          -0.0151433            0.599364
13            0.344619           0.0120151          -0.0151433            0.599364
15           0.0758226          0.00809015           -0.416013            0.502104
17           0.0758226          0.00809015           -0.416013            0.502104
19          -0.0162228           0.0198389            0.263813              1.2027
21          -0.0162228           0.0198389            0.263813              1.2027
23           -0.108218           0.0170628            0.101115             1.19499
25           -0.108218           0.0170628            0.101115             1.19499
27             3.26623            0.131794            0.499641             1.68937
29             3.26623            0.131794            0.499641             1.68937
31             2.83306            0.129185          -0.0187253             1.68895
33           -0.106295            0.016772            0.275606             1.14759
35           -0.106295            0.016772            0.275606             1.14759
37            0.818749           0.0456392           -0.200133             1.43247
39            0.818749           0.0456392           -0.200133             1.43247
41             2.95101            0.110019           -0.200133             1.43247
43            0.790224            0.050454             0.30031             1.41483
45            0.133466           0.0262214          -0.0100136             1.28517
47            0.133466           0.0262214          -0.0100136             1.28517
49          -0.0357323          0.00763998           0.0766632            0.759406
51          -0.0357323          0.00763998           0.0766632            0.759406
53           -0.225927          0.00520197            0.508809            0.658755
55           -0.225927          0.00520197            0.508809            0.658755
57             0.93638           0.0203838            0.508809            0.658755
59             3.52368           0.0612658            0.508809            0.658755
61             1.26856           0.0572718            0.924288             1.17323
63             1.26856           0.0572718            0.924288             1.17323
65             3.06978            0.121981            0.924288             1.17323
67             3.46285           0.0629507             1.42502            0.911369
69             3.46285           0.0629507             1.42502            0.911369
71             2.95535           0.0364558             1.55819            0.635995
73             2.95535           0.0364558             1.55819            0.635995
75             1.23312           0.0475431             1.11313            0.993699
77             1.23312           0.0475431             1.11313            0.993699
79            0.403304           0.0278223            0.879006             1.03215
81           -0.326421          0.00563382            0.649051            0.802598
83           -0.326421          0.00563382            0.649051            0.802598
85             -0.1334           0.0157744            0.649051            0.802598
87          -0.0955014          0.00676572            0.649051            0.802598
89           -0.277979          0.00582652            0.501305            0.846477
91           -0.278765           0.0102923             0.93083            0.723934
93           -0.278765           0.0102923             0.93083            0.723934
95             2.00325           0.0510865            0.472229            0.266536
97            0.180746          0.00889907            0.330233            0.551548
99            0.180746          0.00889907            0.330233            0.551548
101            -0.21779          0.00631683            0.419516            0.778846
103            -0.21779          0.00631683            0.419516            0.778846
105            0.277167           0.0110853             0.26961            0.559362
107           -0.235871          0.00742293          -0.0568441            0.930294
109           -0.235871          0.00742293          -0.0568441            0.930294
111           -0.234323          0.00922583           -0.302101             1.02624
113           -0.234323          0.00922583           -0.302101             1.02624
115           -0.141625           0.0136964           -0.302101             1.02624
117          -0.0889816          0.00600727           -0.302101             1.02624
119           -0.134925           0.0149896            -0.35208             1.11107
121           -0.134925           0.0149896            -0.35208             1.11107
123          -0.0707829           0.0189938            -0.35208             1.11107
125           -0.113791           0.0161972          -0.0403181             1.17929
127           -0.235438          0.00574194            -0.29977            0.860725
129           -0.235438          0.00574194            -0.29977            0.860725
131           -0.211112          0.00951321            0.131829             1.09878
133           -0.211112          0.00951321            0.131829             1.09878
135          -0.0538867           0.0231217            0.131829             1.09878
137           -0.164369           0.0135196            0.242863             1.10905
139           -0.164369           0.0135196            0.242863             1.10905
141           -0.214907           0.0108836            0.409773             1.02204
143           -0.214907           0.0108836            0.409773             1.02204
145           -0.141268           0.0172992            0.205648              1.1119
147           -0.141268           0.0172992            0.205648              1.1119
149            0.488522           0.0359811           0.0724733             1.39955
151            0.488522           0.0359811           0.0724733             1.39955
153            0.337976            0.036862          -0.0546697               1.327
155           -0.164392             0.01588           -0.158677             1.11395
157           -0.164392             0.01588           -0.158677             1.11395
159           -0.270032          0.00636549           -0.433665            0.868768
161           -0.270032          0.00636549           -0.433665            0.868768
163           0.0839588           0.0250641           -0.433665            0.868768
165           -0.250099          0.00579442           -0.235238            0.926829
167           -0.250099          0.00579442           -0.235238            0.926829
169           -0.222903           0.0103363           -0.614825            0.931194
171           -0.222903           0.0103363           -0.614825            0.931194
173            0.299647           0.0104443           -0.299496            0.519604
175          -0.0952514          0.00662593            -0.52496            0.478746
177           -0.351809          0.00483546           -0.646458            0.737546
179           -0.351809          0.00483546           -0.646458            0.737546
181           -0.182488          0.00437986            -1.01458            0.521866
183           -0.182488          0.00437986            -1.01458            0.521866
185            0.139326            0.014072            -1.11635            0.707622
187            0.139326            0.014072            -1.11635            0.707622
189           -0.122934          0.00452466            -1.04396            0.519868
191           -0.122934          0.00452466            -1.04396            0.519868
193           -0.293997          0.00924213           -0.804445            0.798587
195           -0.411203          0.00495825           -0.870222            0.649918
197           -0.411203          0.00495825           -0.870222            0.649918
199           -0.212981          0.00983211            -0.50833            0.982337
201           -0.264054           0.0119324           -0.651749            0.860235
203           -0.359992          0.00369094           -0.644595             0.58151
205           -0.359992          0.00369094           -0.644595             0.58151
207           -0.350135          0.00632766           -0.921092            0.677664
209           -0.350135          0.00632766           -0.921092            0.677664
211          -0.0162402           0.0126048           -0.776878            0.435146
213            -0.24568          0.00577774           -0.454861            0.779425
215            -0.24568          0.00577774           -0.454861            0.779425
217           -0.203563            0.012677           -0.454861            0.779425
219           -0.228272           0.0110549            -0.49919            0.976454
221           -0.228272           0.0110549            -0.49919            0.976454
223            0.170709           0.0257148            -0.49919            0.976454
225            0.197917           0.0245862           -0.719084             1.08581
227           -0.304743          0.00826849           -0.815211            0.778672
229           -0.304743          0.00826849           -0.815211            0.778672
231           -0.268972          0.00851836           -0.779568            0.488514
233           -0.268972          0.00851836           -0.779568            0.488514
235           0.0183889           0.0117941           -0.816785            0.436995
237           -0.262717          0.00598453           -0.462108            0.808603
239           -0.262717          0.00598453           -0.462108            0.808603
241           -0.181001          0.00596272           -0.485554            0.633653
243           -0.184285          0.00595832            -0.40363            0.734537
245           -0.256814           0.0114133           -0.722489            0.846668
247            -0.35693          0.00610247            -0.71124             0.75094
249            -0.35693          0.00610247            -0.71124             0.75094
251           -0.140386            0.015038            -0.71124             0.75094
253           -0.280891          0.00399645           -0.570189             0.61779
255           -0.339884          0.00736414           -0.925783             0.67821
257           -0.339884          0.00736414           -0.925783             0.67821
259            0.544005           0.0201171            -1.23241            0.671021
261            0.544005           0.0201171            -1.23241            0.671021
263            0.389934           0.0285002             -1.0681            0.842053
265           -0.392664          0.00475177           -0.753037            0.708394
267           -0.392664          0.00475177           -0.753037            0.708394
269            -0.20725          0.00495625           -0.456604            0.703775
271            -0.20725          0.00495625           -0.456604            0.703775
273            -0.23548          0.00610112           -0.360867            0.854541
275           -0.257636          0.00629532           -0.438217            0.822335
277           -0.257636          0.00629532           -0.438217            0.822335
279           -0.182264           0.0131092           -0.501332             1.02496
281            -0.18172          0.00590008           -0.159041            0.862907
283            -0.18172          0.00590008           -0.159041            0.862907
285           -0.138141           0.0166511           -0.159041            0.862907
287           -0.132351          0.00640959          -0.0299193            0.822638
289           -0.223197          0.00696952            0.125296            0.922057
291           -0.223197          0.00696952            0.125296            0.922057
293          -0.0621267           0.0195766            0.125296            0.922057
295          -0.0278601           0.0209125            0.125296            0.922057
297           0.0236508          0.00861333           0.0558698            0.721301
299          -0.0960363          0.00674743           -0.100358            0.793371
301           -0.240746          0.00593383            0.231226            0.919032
303           -0.240746          0.00593383            0.231226            0.919032
305           -0.231815           0.0118942            0.231226            0.919032
307           -0.255172          0.00956396            0.464663            0.812593
309           -0.255172          0.00956396            0.464663            0.812593
311           -0.422634          0.00273254            0.743598            0.648812
313           -0.422634          0.00273254            0.743598            0.648812
315          -0.0488135           0.0167697            0.962687            0.801104
317           -0.393858           0.0041699            0.916845            0.622836
319           -0.393858           0.0041699            0.916845            0.622836
321           -0.357872           0.0052841            0.916845            0.622836
323            0.504939           0.0210308            0.580123            0.360677
325            0.504939           0.0210308            0.580123            0.360677
327           -0.386615          0.00282238            0.668717            0.604066
329           -0.386615          0.00282238            0.668717            0.604066
331           -0.318862          0.00551268            0.621611            0.799567
333           -0.318862          0.00551268            0.621611            0.799567
335           -0.375996           0.0051368            0.770657            0.530621
337           -0.375996           0.0051368            0.770657            0.530621
339           -0.291774          0.00845995            0.772237            0.815714
341           -0.291774          0.00845995            0.772237            0.815714
343           -0.233649           0.0050867            0.772237            0.815714
345           0.0933894           0.0278771            0.772237            0.815714
347           -0.227246           0.0110567            0.936973            0.752626
349           -0.227246           0.0110567            0.936973            0.752626
351           -0.102293           0.0126556            0.936973            0.752626
353            0.728371           0.0229025            0.936973            0.752626
355            0.538692           0.0329539            0.979831            0.981143
357            0.538692           0.0329539            0.979831            0.981143
359             1.18945           0.0294625            0.979831            0.981143
361             1.11658           0.0474466             1.05456              1.0459
363            0.543287           0.0368186            0.786566             1.14759
365            0.543287           0.0368186            0.786566             1.14759
367             1.00268           0.0470197            0.873731             1.19488
369             1.00268           0.0470197            0.873731             1.19488
371             1.17568            0.055502            0.873731             1.19488
373           -0.164698           0.0140173            0.784955            0.881887
375           -0.164698           0.0140173            0.784955            0.881887
377          -0.0418361           0.0126235            0.784955            0.881887
379           -0.322193          0.00710592            0.940802            0.681294
381           -0.413928          0.00388422            0.803946            0.560089
383           -0.413928          0.00388422            0.803946            0.560089
385            0.189339           0.0156332            0.803946            0.560089
387            0.354457           0.0123059             1.13822            0.416542
389          -0.0423906           0.0141816             1.05604            0.711907
391          -0.0423906           0.0141816             1.05604            0.711907
393            0.128052          0.00747815             1.16685             0.56862
395           -0.302088          0.00594293            0.980483            0.629446
397           -0.302088          0.00594293            0.980483            0.629446
399           0.0156359           0.0213271            0.840185             0.93387
401           -0.254773          0.00687653             1.00255            0.642473
403           -0.254773          0.00687653             1.00255            0.642473
405            0.316118           0.0133565             1.00255            0.642473
407           -0.197537           0.0122781            0.697979            0.911546
409           -0.197537           0.0122781            0.697979            0.911546
411           -0.333965          0.00725189            0.683669             0.77289
413           -0.333965          0.00725189            0.683669             0.77289
415            -0.32639           0.0042479            0.683669             0.77289
417           -0.343441          0.00578283            0.641446            0.746486
419           -0.343441          0.00578283            0.641446            0.746486
421           -0.201299           0.0120721            0.593038            0.940163
423           -0.201299           0.0120721            0.593038            0.940163
425           0.0513967           0.0197609            0.593038            0.940163
427           0.0794699           0.0265214            0.593038            0.940163
429            0.419245           0.0404269            0.593038            0.940163
431           -0.288236          0.00506333            0.552801            0.685442
433           -0.288236          0.00506333            0.552801            0.685442
435           -0.316512           0.0068424             0.76104            0.791494
437           -0.316512           0.0068424             0.76104            0.791494
439           -0.317892          0.00625799            0.879768             0.52261
441           -0.317892          0.00625799            0.879768             0.52261
443           -0.104331           0.0159825            0.894239            0.837476
445           -0.401067          0.00405463            0.718706            0.688347
447           -0.401067          0.00405463            0.718706            0.688347
449           -0.183381          0.00572717            0.428477            0.717164
451           -0.392119          0.00467839            0.705541            0.698805
453           -0.392119          0.00467839            0.705541            0.698805
455           -0.424123          0.00269274            0.855358            0.581815
457           -0.424123          0.00269274            0.855358            0.581815
459            -0.11185          0.00494259            0.855358            0.581815
461          -0.0329834           0.0116962            0.658114            0.436777
463          -0.0329834           0.0116962            0.658114            0.436777
465            0.201396           0.0115907            0.658114            0.436777
467            -0.32219           0.0077814            0.786251             0.50544
469           -0.347062          0.00437248            0.641179            0.749419
471           -0.347062          0.00437248            0.641179            0.749419
473           -0.256483          0.00757458            0.641179            0.749419
475           -0.165901           0.0147315            0.808616            0.862492
477           -0.284869            0.010377            0.902782            0.728041
479           -0.284869            0.010377            0.902782            0.728041
481           -0.362795          0.00718581            0.816595            0.747233
483           -0.362795          0.00718581            0.816595            0.747233
485           -0.301251          0.00584035            0.554186            0.818963
487           -0.301251          0.00584035            0.554186            0.818963
489           -0.148583           0.0170734            0.554186            0.818963
491           -0.247174          0.00971208            0.482992            0.934554
493           -0.247174          0.00971208            0.482992            0.934554
495           -0.183277          0.00717589            0.482992            0.934554
497           -0.142412           0.0130671            0.482992            0.934554
499          -0.0610986          0.00613579            0.283458            0.710546
501          -0.0804733          0.00734995            0.110654             0.78082
503          -0.0804733          0.00734995            0.110654             0.78082
505            0.272073          0.00975743            0.110654             0.78082
507           -0.111756          0.00629819           0.0372404            0.803003
509           -0.111756          0.00629819           0.0372404            0.803003
511           -0.196763           0.0173851           0.0841458             1.10508
513           -0.196763           0.0173851           0.0841458             1.10508
515           -0.193951          0.00626993           -0.137896            0.860575
517           -0.193951          0.00626993           -0.137896            0.860575
519            0.021013          0.00785273           -0.137896            0.860575
521           -0.241325          0.00997264            -0.13787             1.05756
523           -0.241325          0.00997264            -0.13787             1.05756
525          -0.0448204           0.0210796            -0.13787             1.05756
527           -0.244439          0.00630505          -0.0914519            0.948588
529           -0.246077          0.00720395            0.118103            0.989251
531           -0.246077          0.00720395            0.118103            0.989251
533           -0.170084          0.00635931            0.118103            0.989251
535            -0.17065          0.00617376           0.0782987             0.86175
537           -0.197515           0.0153295           0.0723445              1.1051
539           -0.246654          0.00657917           0.0192849            0.971836
541           -0.246654          0.00657917           0.0192849            0.971836
543           -0.240253            0.007783           0.0192849            0.971836
545           -0.225963          0.00632603           -0.153956            0.893242
547           -0.240142           0.0104055            0.127722             1.03972
549           -0.240142           0.0104055            0.127722             1.03972
551           -0.249165          0.00600049            0.178202               0.935
553           -0.249165          0.00600049            0.178202               0.935
555            -0.22345           0.0107489            0.287842             1.05425
557            -0.22345           0.0107489            0.287842             1.05425
559           -0.178514          0.00694224            0.278043            0.805876
561           -0.219924           0.0115247            0.422433            0.998073
563           -0.274846          0.00617611            0.487439            0.859461
565           -0.274846          0.00617611            0.487439            0.859461
567           -0.233217           0.0054689            0.480894             0.74773
569           -0.351186          0.00540725            0.787981             0.51537
571           -0.351186          0.00540725            0.787981             0.51537
573            0.299272            0.018071            0.824802            0.400184
575            0.299272            0.018071            0.824802            0.400184
577           -0.433399          0.00256959            0.835581            0.581053
579           -0.433399          0.00256959            0.835581            0.581053
581           -0.287693          0.00413888            0.577419            0.621807
583           -0.287693          0.00413888            0.577419            0.621807
585           -0.395445          0.00338993            0.690426            0.655132
587           -0.395445          0.00338993            0.690426            0.655132
589           -0.323047          0.00690027            0.721569            0.802194
591           -0.323047          0.00690027            0.721569            0.802194
593          -0.0730695           0.0167104            0.721569            0.802194
595           -0.115889           0.0150805            0.906752            0.814432
597           -0.166582           0.0155588            0.735512            0.924059
599           -0.166582           0.0155588            0.735512            0.924059
601           -0.355112          0.00774666            0.883806            0.692948
603           -0.355112          0.00774666            0.883806            0.692948
605           -0.216405          0.00690232            0.646169            0.479262
607           -0.216405          0.00690232            0.646169            0.479262
609            0.527814           0.0183669            0.646169            0.479262
611           -0.422363          0.00444159            0.812176            0.672572
613           -0.422363          0.00444159            0.812176            0.672572
615           -0.273089          0.00827431            0.812176            0.672572
617            -0.21366          0.00392936            0.992293            0.526317
619            -0.21366          0.00392936            0.992293            0.526317
621            -0.13793           0.0107383            0.992293            0.526317
623            0.220859           0.0135859            0.917468            0.411141
625           -0.166555          0.00538729             1.02907            0.521073
627           -0.166555          0.00538729             1.02907            0.521073
629            0.949288           0.0248344             1.02907            0.521073
631           -0.202289           0.0132715            0.877347            0.802623
633           -0.202289           0.0132715            0.877347            0.802623
635           -0.439015          0.00300339            0.840086            0.616269
637           -0.439015          0.00300339            0.840086            0.616269
639           -0.382399           0.0070966            0.840086            0.616269
641           -0.350643          0.00374727            0.840086            0.616269
643           -0.399457           0.0038913            0.701465            0.691147
645           -0.399457           0.0038913            0.701465            0.691147
647           -0.246607          0.00899277            0.701465            0.691147
649           -0.360455          0.00472983            0.678289             0.73327
651           -0.360455          0.00472983            0.678289             0.73327
653           -0.185831           0.0126662            0.678289             0.73327
655           -0.267067          0.00534003            0.456681            0.837551
657            -0.38539          0.00391812            0.689768            0.577628
659            -0.38539          0.00391812            0.689768            0.577628
661              -0.293          0.00401113            0.571049            0.641739
663              -0.293          0.00401113            0.571049            0.641739
665           -0.254918          0.00944247            0.571049            0.641739
667           -0.254488          0.00618082            0.420691            0.841517
669           -0.273163          0.00606217            0.514335            0.825879
671           -0.273163          0.00606217            0.514335            0.825879
673           -0.441925          0.00258547            0.787489            0.639903
675           -0.441925          0.00258547            0.787489            0.639903
677           -0.227444           0.0132681            0.787489            0.639903
679           -0.364406          0.00355327            0.649753            0.687712
681           -0.364406          0.00355327            0.649753            0.687712
683           0.0484724          0.00742975            0.649753            0.687712
685           -0.188228          0.00555974            0.537002            0.545757
687           -0.188228          0.00555974            0.537002            0.545757
689            0.339382            0.016425            0.795378              0.3969
691            0.339382            0.016425            0.795378              0.3969
693            0.613263           0.0201858            0.795378              0.3969
695          -0.0938713          0.00643568            0.517579            0.486979
697          -0.0938713          0.00643568            0.517579            0.486979
699           -0.370126          0.00573148            0.707428            0.743029
701           -0.370126          0.00573148            0.707428            0.743029
703           -0.318817          0.00393495            0.603282            0.655494
705           -0.318817          0.00393495            0.603282            0.655494
707          -0.0967689           0.0074684             0.32877            0.723996
709          -0.0967689           0.0074684             0.32877            0.723996
711           -0.254291          0.00779573            0.421905            0.851299
713           -0.276863          0.00422153            0.549941            0.669319
715           -0.276863          0.00422153            0.549941            0.669319
717           -0.255651            0.010714            0.586303             0.90348
719           -0.389976          0.00472035             0.73784            0.717035
721           -0.389976          0.00472035             0.73784            0.717035
723           -0.413414          0.00254901            0.704183            0.637461
725           -0.413414          0.00254901            0.704183            0.637461
727           -0.436134          0.00264683            0.764457            0.647056
729           -0.436134          0.00264683            0.764457            0.647056
731           -0.356993          0.00425515            0.764457            0.647056
733           -0.301905          0.00486577            0.563625            0.769269
735           -0.301905          0.00486577            0.563625            0.769269
737           -0.281386          0.00802866            0.776671            0.825159
739           -0.281386          0.00802866            0.776671            0.825159
741           -0.295331          0.00684811            0.620022            0.834706
743           -0.295331          0.00684811            0.620022            0.834706
745           -0.253365          0.00613648            0.620022            0.834706
747           -0.214569          0.00599748            0.379528            0.802487
749           -0.217383          0.00641906            0.179373            0.897516
751           -0.217383          0.00641906            0.179373            0.897516
753          0.00363238           0.0086628            0.179373            0.897516
755          -0.0835173          0.00782642            0.093884            0.787163
757           -0.212977           0.0127692            0.276782             1.05447
759           -0.212977           0.0127692            0.276782             1.05447
761            -0.16343          0.00644029            0.233104            0.803274
763           -0.205548           0.0122387          0.00284933             1.08227
765           -0.241023          0.00712152            0.264156            0.961704
767           -0.252233          0.00714638            0.286128              0.9655
769           -0.252233          0.00714638            0.286128              0.9655
771           -0.151218          0.00660355            0.286128              0.9655
773          -0.0168002           0.0189642            0.286128              0.9655
775           -0.195012          0.00610504            0.195422            0.859173
777           -0.227613           0.0118444           0.0834356             1.08518
779           -0.253577          0.00751287            0.316675             0.91394
781           -0.253577          0.00751287            0.316675             0.91394
783           -0.250269          0.00604661             0.30242            0.898577
785           -0.250269          0.00604661             0.30242            0.898577
787           -0.214759          0.00612206             0.30242            0.898577
789           -0.182734           0.0137028            0.356179              1.0904
791           -0.182734           0.0137028            0.356179              1.0904
793            -0.26799          0.00602539            0.478483             0.86369
795           -0.364367          0.00347854            0.656575            0.716935
797           -0.364367          0.00347854            0.656575            0.716935
799           -0.268104           0.0049295            0.514357            0.740849
801           -0.277522          0.00578141            0.535652            0.711147
803           -0.299841          0.00687338            0.776027            0.502194
805           -0.327667          0.00469325            0.662693            0.531397
807           -0.327667          0.00469325            0.662693            0.531397
809            -0.32359          0.00440418            0.662693            0.531397
811           -0.263443          0.00977197            0.662693            0.531397
813            -0.36054          0.00500744            0.851755            0.534177
815            -0.36054          0.00500744            0.851755            0.534177
817            0.108784           0.0142208            0.901953             0.42378
819            0.108784           0.0142208            0.901953             0.42378
821           -0.357421          0.00419501            0.713508            0.529121
823           -0.394662          0.00437689            0.750462            0.715011
825           -0.394662          0.00437689            0.750462            0.715011
827           -0.347016          0.00549456            0.761222            0.523133
829           -0.389727          0.00520099            0.770954            0.715932
831           -0.389727          0.00520099            0.770954            0.715932
833           -0.316871          0.00699342            0.770954            0.715932
835           -0.291674          0.00696879            0.770954            0.715932
837           -0.244567          0.00423091            0.770954            0.715932
839            0.390286           0.0255115            0.770954            0.715932
841           -0.243506          0.00813109            0.723042             0.48424
843           -0.243506          0.00813109            0.723042             0.48424
845           -0.208274          0.00768744            0.723042             0.48424
847           -0.298201          0.00818824            0.953153            0.672867
849           -0.298201          0.00818824            0.953153            0.672867
851           -0.218135           0.0130641            0.846601            0.812654
853           -0.413349          0.00252837            0.701056            0.635596
855           -0.425877          0.00278636            0.721252            0.594432
857           -0.425877          0.00278636            0.721252            0.594432
859           -0.284174          0.00488235            0.968495            0.539636
861           -0.377607          0.00438429            0.888001            0.556503
863           -0.377607          0.00438429            0.888001            0.556503
865            0.478133            0.027431            0.888001            0.556503
867           -0.333515          0.00780921            0.735325             0.78779
869           -0.334701          0.00420207            0.634583            0.760057
871           -0.334701          0.00420207            0.634583            0.760057
873           -0.288515           0.0047919            0.634583            0.760057
875           -0.233003           0.0103507            0.427729            0.968476
877           -0.299021          0.00667546            0.581504            0.808434
879           -0.299021          0.00667546            0.581504            0.808434
881           -0.267443          0.00577595            0.495135            0.790746
883           -0.267443          0.00577595            0.495135            0.790746
885           -0.313246           0.0037057             0.60157            0.595409
887           -0.313246           0.0037057             0.60157            0.595409
889            -0.11317          0.00679495            0.393137            0.679607
891            -0.11317          0.00679495            0.393137            0.679607
893           -0.181971          0.00641641            0.364993            0.773097
895           -0.187938          0.00527227            0.513462            0.604935
897            -0.39953          0.00317779            0.693548            0.662256
899            -0.39953          0.00317779            0.693548            0.662256
901           -0.415793          0.00291097            0.721779            0.668193
903           -0.415793          0.00291097            0.721779            0.668193
905           -0.333336           0.0070168            0.640863            0.775953
907           -0.333336           0.0070168            0.640863            0.775953
909           -0.324041          0.00521593            0.616344            0.771061
911           -0.415999           0.0048499            0.812204            0.681031
913           -0.415999           0.0048499            0.812204            0.681031
915           -0.376989          0.00449517            0.846145            0.541222
917           -0.376989          0.00449517            0.846145            0.541222
919           -0.323618          0.00498496            0.676974            0.519622
921           -0.323618          0.00498496            0.676974            0.519622
923           -0.222966          0.00601195            0.676974            0.519622
925           -0.416933          0.00245482            0.706541            0.610251
927           -0.416933          0.00245482            0.706541            0.610251
929           -0.324612          0.00931767            0.730652             0.78905
931           -0.324612          0.00931767            0.730652             0.78905
933           -0.321279          0.00718264            0.953466            0.659675
935           -0.321279          0.00718264            0.953466            0.659675
937          -0.0879093          0.00546508            0.953466            0.659675
939          -0.0739923           0.0117995            0.692644            0.439328
941           -0.195062          0.00523081            0.548559            0.532584
943           -0.264385          0.00549031            0.513791            0.746499
945           -0.264385          0.00549031            0.513791            0.746499
947           -0.269637          0.00487922            0.519577            0.741681
949           -0.269637          0.00487922            0.519577            0.741681
951           -0.243254          0.00600984            0.367486             0.85949
953           -0.243254          0.00600984            0.367486             0.85949
955           -0.246293          0.00786745            0.288859            0.952326
957           -0.246293          0.00786745            0.288859            0.952326
959           -0.233849           0.0100607            0.288859            0.952326
961            -0.21657          0.00645286            0.288859            0.952326
963           -0.209041           0.0056908            0.197718            0.875632
965           -0.255393          0.00750915            0.203204            0.972158
967           -0.255393          0.00750915            0.203204            0.972158
969          -0.0610301           0.0177963            0.203204            0.972158
971          -0.0198346           0.0215005            0.203204            0.972158
973           -0.211775          0.00628693             0.32345            0.847098
975           -0.218725          0.00526269            0.419432            0.761587
977           -0.301378          0.00537494              0.5621            0.823895
979           -0.370678          0.00290289            0.653794            0.628053
981           -0.431809          0.00308374            0.765374            0.653772
983           -0.435966          0.00274041             0.76686            0.586949
985           -0.435966          0.00274041             0.76686            0.586949
987           -0.274213          0.00656624             0.76686            0.586949
989           -0.425872          0.00253888            0.733396            0.631341
991           -0.425872          0.00253888            0.733396            0.631341
993           -0.288536          0.00425495            0.984585            0.564546
995           -0.288536          0.00425495            0.984585            0.564546
997            0.308053          0.00940592             1.12461             0.42145
999            0.308053          0.00940592             1.12461             0.42145
1001            0.390153          0.00678321             1.22423            0.459356
1003            0.390153          0.00678321             1.22423            0.459356
1005            0.135278           0.0130327              1.1505            0.639296
1007            0.135278           0.0130327              1.1505            0.639296
1009            0.236372           0.0123197              1.1505            0.639296
1011            0.367258            0.014564             1.04182             0.39846
1013            0.367258            0.014564             1.04182             0.39846
1015           -0.181577          0.00706609            0.952094            0.491927
1017           -0.181577          0.00706609            0.952094            0.491927
1019          -0.0443054          0.00550777            0.952094            0.491927
1021           -0.242025          0.00995703            0.943204            0.727021
1023           -0.242025          0.00995703            0.943204            0.727021
1025           -0.295238          0.00578308            0.984429             0.62902
1027           -0.295238          0.00578308            0.984429             0.62902
1029           -0.108672           0.0107674            0.984429             0.62902
1031           0.0239699          0.00738531              1.1351            0.563113
1033           0.0239699          0.00738531              1.1351            0.563113
1035            0.668593           0.0232789             1.19723            0.767946
1037            0.552866           0.0197341             1.20717            0.715795
1039            0.552866           0.0197341             1.20717            0.715795
1041            0.697537           0.0176021              1.2548             0.67445
1043            0.697537           0.0176021              1.2548             0.67445
1045            0.185389          0.00756671             1.18921            0.548527
1047            0.185389          0.00756671             1.18921            0.548527
1049           0.0147813           0.0168384             1.01323            0.786518
1051           0.0147813           0.0168384             1.01323            0.786518
1053             1.77556           0.0556044             1.01323            0.786518
1055            0.500727           0.0161281              1.2423            0.632893
1057            0.500727           0.0161281              1.2423            0.632893
1059            0.777928           0.0209835             1.24037            0.729779
1061           -0.195231          0.00717994             1.03163            0.646652
1063           -0.195231          0.00717994             1.03163            0.646652
1065            0.566087          0.00902749             1.03163            0.646652
1067           -0.296243          0.00785062            0.811032            0.781305
1069           -0.296243          0.00785062            0.811032            0.781305
1071           -0.172894           0.0140254             0.95464            0.749302
1073           -0.225209          0.00465318             1.00645            0.534718
1075           -0.416944          0.00359262            0.776461            0.559654
1077           -0.416944          0.00359262            0.776461            0.559654
1079           -0.409104          0.00389199            0.776461            0.559654
1081           -0.278147           0.0106559            0.776461            0.559654
1083         -0.00213258          0.00683498             1.02744            0.469103
1085           -0.147256          0.00802741             1.06102            0.608705
1087           -0.209005          0.00511113              1.0395            0.589599
1089           -0.248048          0.00838534            0.810823            0.486921
1091           -0.249517          0.00855534            0.755729            0.487287
1093           -0.405596          0.00253125            0.698263            0.602186
1095           -0.405596          0.00253125            0.698263            0.602186
1097           -0.335284           0.0049902            0.698263            0.602186
1099           -0.285716          0.00772763            0.698263            0.602186
1101           -0.247279          0.00517564            0.698263            0.602186
1103          -0.0456075          0.00985883            0.698263            0.602186
1105           -0.341356           0.0033833            0.621127            0.632169
1107           -0.341356           0.0033833            0.621127            0.632169
1109           -0.128298          0.00679181            0.621127            0.632169
1111           -0.372757          0.00457888            0.846473            0.545072
1113           -0.411454          0.00317798            0.731134            0.573884
1115           -0.411454          0.00317798            0.731134            0.573884
1117           -0.393276          0.00346399            0.731134            0.573884
1119           -0.328728          0.00516913            0.731134            0.573884
1121           -0.395195          0.00398268            0.852421            0.550287
1123           -0.395195          0.00398268            0.852421            0.550287
1125            -0.30062          0.00474219            0.852421            0.550287
1127           -0.298528          0.00791102            0.803037            0.778654
1129           -0.398154           0.0043021            0.782018            0.542537
1131           -0.398154           0.0043021            0.782018            0.542537
1133           -0.415724          0.00429489            0.779023            0.693844
1135           -0.415724          0.00429489            0.779023            0.693844
1137           -0.226576           0.0111956            0.779023            0.693844
1139           -0.153926           0.0106633             0.75582            0.463254
1141           -0.153926           0.0106633             0.75582            0.463254
1143              1.4515            0.027949             0.75582            0.463254
1145           -0.402409          0.00415283            0.906625            0.616825
1147           -0.402409          0.00415283            0.906625            0.616825
1149           -0.197317          0.00824367            0.906625            0.616825
1151           -0.293291          0.00907697            0.879872            0.754791
1153           -0.334936          0.00368113            0.636202            0.563825
1155           -0.334936          0.00368113            0.636202            0.563825
1157            0.856643           0.0276109            0.529869             0.33275
1159            0.856643           0.0276109            0.529869             0.33275
1161             1.54227           0.0317503            0.529869             0.33275
1163           -0.016535           0.0128577            0.703993            0.431952
1165           -0.016535           0.0128577            0.703993            0.431952
1167             0.10168          0.00835124            0.703993            0.431952
1169             0.10238          0.00936507            0.703993            0.431952
1171            0.220727           0.0164071            0.703993            0.431952
1173           -0.250435          0.00470579            0.582721            0.545792
1175           -0.250435          0.00470579            0.582721            0.545792
1177           -0.137581          0.00627928            0.475303            0.586618
1179           -0.137581          0.00627928            0.475303            0.586618
1181           -0.317702           0.0075455             0.72292            0.801361
1183           -0.317702           0.0075455             0.72292            0.801361
1185           -0.246931           0.0095397             0.72292            0.801361
1187           -0.275392          0.00750304            0.554096            0.892739
1189           -0.275392          0.00750304            0.554096            0.892739
1191           -0.191414          0.00603732             0.36198            0.779309
1193           -0.240898          0.00686816            0.294111              0.9351
1195           -0.240898          0.00686816            0.294111              0.9351
1197           -0.218622           0.0063166            0.294111              0.9351
1199           -0.252776          0.00756474           0.0729482             1.00958
1201           -0.252776          0.00756474           0.0729482             1.00958
1203           -0.247204          0.00753962           0.0729482             1.00958
1205           -0.213659          0.00589794            0.273885            0.839531
1207           -0.241199          0.00898826            0.242908             1.00142
1209           -0.241199          0.00898826            0.242908             1.00142
1211           -0.149411          0.00658448          0.00023969            0.837437
1213           -0.257049          0.00623483           0.0617895            0.974843
1215           -0.257049          0.00623483           0.0617895            0.974843
1217           -0.217322           0.0112787           0.0617895            0.974843
1219           -0.175158           0.0131822           0.0617895            0.974843
1221           -0.174183           0.0118562            0.155014             1.12929
1223           -0.174183           0.0118562            0.155014             1.12929
1225            -0.25345          0.00852306            0.293727             1.01155
1227            -0.25345          0.00852306            0.293727             1.01155
1229           -0.245129           0.0056143           0.0972548            0.939614
1231           -0.245129           0.0056143           0.0972548            0.939614
1233           -0.201843           0.0113325           0.0972548            0.939614
1235           -0.173019           0.0130942          -0.0356746             1.12076
1237           -0.173019           0.0130942          -0.0356746             1.12076
1239           -0.251745          0.00577849           -0.136187            0.948309
1241           -0.251745          0.00577849           -0.136187            0.948309
1243           -0.214702           0.0102705          -0.0568703             1.09027
1245           -0.214702           0.0102705          -0.0568703             1.09027
1247           -0.187214           0.0115374          -0.0568703             1.09027
1249           -0.197487          0.00596163          -0.0192604            0.891885
1251           -0.197487          0.00596163          -0.0192604            0.891885
1253           -0.220379            0.010168          -0.0125931             1.07744
1255           -0.220379            0.010168          -0.0125931             1.07744
1257            -0.24738          0.00900248           0.0195878             1.00263
1259            -0.24738          0.00900248           0.0195878             1.00263
1261           -0.244519          0.00787904            0.180427            0.947876
1263           -0.244519          0.00787904            0.180427            0.947876
1265           -0.226873          0.00530933            0.180427            0.947876
1267           -0.069024          0.00744581            0.180427            0.947876
1269           -0.179938           0.0118852          -0.0572208             1.14346
1271           -0.179938           0.0118852          -0.0572208             1.14346
1273           -0.224861           0.0103777           -0.146073             1.07953
1275           -0.250155          0.00581754           -0.146707            0.958981
1277           -0.250155          0.00581754           -0.146707            0.958981
1279            -0.17981           0.0059947          -0.0710044            0.851957
1281            -0.17981           0.0059947          -0.0710044            0.851957
1283           -0.137926          0.00758866           -0.188535            0.801966
1285           -0.239089          0.00666156          -0.0802914            0.934236
1287           -0.239089          0.00666156          -0.0802914            0.934236
1289           -0.237216          0.00619334          -0.0802914            0.934236
1291           -0.128391          0.00639275          -0.0802914            0.934236
1293           -0.259518          0.00621045           0.0178008            0.993161
1295           -0.259518          0.00621045           0.0178008            0.993161
1297           -0.168283           0.0146583           -0.043022             1.13548
1299           -0.244388          0.00888155          0.00984337             1.04921
1301           -0.244388          0.00888155          0.00984337             1.04921
1303           0.0350957           0.0247831          0.00984337             1.04921
1305              0.1112           0.0255725          0.00984337             1.04921
1307           -0.239724          0.00836092           -0.161304             1.01568
1309           -0.239724          0.00836092           -0.161304             1.01568
1311           -0.219456          0.00707855           -0.161304             1.01568
1313           -0.201551           0.0119787           0.0327736             1.11373
1315           -0.217335          0.00959424           0.0519332             1.09758
1317           -0.251203          0.00953365           0.0879654            0.985909
1319           -0.251203          0.00953365           0.0879654            0.985909
1321           -0.213139          0.00670667           0.0332487            0.899472
1323           -0.213139          0.00670667           0.0332487            0.899472
1325           -0.188469           0.0132523           0.0332487            0.899472
1327           -0.175673           0.0166913           0.0332487            0.899472
1329           -0.220125           0.0054071           0.0986209            0.907582
1331           -0.220125           0.0054071           0.0986209            0.907582
1333           -0.223785           0.0108455              0.2594             1.03581
1335           -0.245714          0.00837788            0.332713            0.930518
1337           -0.245714          0.00837788            0.332713            0.930518
1339           -0.226251          0.00665023            0.386573            0.811935
1341           -0.226251          0.00665023            0.386573            0.811935
1343           -0.233075          0.00511409            0.501657            0.689433
1345           -0.233075          0.00511409            0.501657            0.689433
1347           -0.215352           0.0138085            0.501657            0.689433
1349          -0.0636172          0.00817848            0.501657            0.689433
1351           -0.283458          0.00795786            0.537711            0.832259
1353           -0.283458          0.00795786            0.537711            0.832259
1355           -0.178948          0.00594916            0.537711            0.832259
1357           -0.292782          0.00522909            0.554874             0.78824
1359           -0.292782          0.00522909            0.554874             0.78824
1361           -0.408029          0.00311954            0.706144            0.656304
1363           -0.408029          0.00311954            0.706144            0.656304
1365           -0.300509          0.00437207            0.706144            0.656304
1367           -0.104138           0.0109814            0.706316            0.450049
1369            -0.29937           0.0045573            0.560608            0.654147
1371           -0.363209          0.00566311            0.717353            0.736045
1373           -0.363209          0.00566311            0.717353            0.736045
1375           -0.417707          0.00412608            0.764317            0.691164
1377           -0.417707          0.00412608            0.764317            0.691164
1379           -0.445298          0.00243802            0.764752            0.636375
1381           -0.445298          0.00243802            0.764752            0.636375
1383           -0.312524          0.00661848            0.764752            0.636375
1385            -0.22459          0.00462774             1.00814            0.536286
1387            -0.22459          0.00462774             1.00814            0.536286
1389           -0.286978          0.00630343            0.846182              0.5051
1391           -0.286978          0.00630343            0.846182              0.5051
1393           0.0798825           0.0133274            0.846182              0.5051
1395            0.737189           0.0226231            0.714213            0.356495
1397          0.00823597           0.0111668            0.614004            0.429208
1399          0.00823597           0.0111668            0.614004            0.429208
1401             2.95399           0.0546165            0.614004            0.429208
1403           -0.033705           0.0126219            0.696524            0.436609
1405           -0.033705           0.0126219            0.696524            0.436609
1407           -0.404072          0.00341137            0.719978            0.680061
1409           -0.404072          0.00341137            0.719978            0.680061
1411           -0.324686          0.00485952            0.601955            0.753463
1413           -0.324686          0.00485952            0.601955            0.753463
1415           -0.275604           0.0118636            0.689948            0.855743
1417           -0.275604           0.0118636            0.689948            0.855743
1419           -0.269027          0.00899346            0.915471            0.740413
1421           -0.316201          0.00782785            0.811817            0.774783
1423           -0.316201          0.00782785            0.811817            0.774783
1425           -0.259241          0.00486483            0.811817            0.774783
1427           -0.357417          0.00719806            0.832075            0.730478
1429           -0.357417          0.00719806            0.832075            0.730478
1431           -0.246883           0.0084279            0.997767            0.646418
1433           -0.246883           0.0084279            0.997767            0.646418
1435           -0.220171          0.00570304            0.957284            0.507187
1437           -0.252005          0.00739093             1.00923            0.630565
1439           -0.252005          0.00739093             1.00923            0.630565
1441            -0.12031          0.00632817             1.02141            0.502025
1443            -0.12031          0.00632817             1.02141            0.502025
1445           0.0765913          0.00666435             1.14979            0.550118
1447           0.0765913          0.00666435             1.14979            0.550118
1449            0.435318           0.0231984              1.1632            0.728289
1451            0.268551           0.0163122             1.14626            0.708311
1453            0.268551           0.0163122             1.14626            0.708311
1455          -0.0937623          0.00913402            0.946637            0.467147
1457           -0.203051          0.00508964             1.01945            0.537207
1459           -0.203051          0.00508964             1.01945            0.537207
1461           -0.179863          0.00495395             1.01945            0.537207
1463           -0.405904          0.00356584            0.902978            0.619379
1465           -0.405904          0.00356584            0.902978            0.619379
1467           -0.249878            0.012965            0.846371            0.794835
1469           -0.306941           0.0102994            0.859346            0.750218
1471           -0.306941           0.0102994            0.859346            0.750218
1473           -0.407487          0.00528084            0.777944            0.694388
1475           -0.407487          0.00528084            0.777944            0.694388
1477           -0.358474           0.0046083            0.661088             0.72901
1479           -0.430263          0.00289602            0.865141            0.624847
1481           -0.430263          0.00289602            0.865141            0.624847
1483          -0.0606611           0.0134624            0.865141            0.624847
1485           -0.293292          0.00844867             0.67309            0.844466
1487           -0.293292          0.00844867             0.67309            0.844466
1489           -0.309793          0.00669772            0.588183            0.807394
1491            -0.39157          0.00466108             0.72004            0.705212
1493            -0.39157          0.00466108             0.72004            0.705212
1495           -0.276282           0.0102587            0.830798            0.784454
1497           -0.288821           0.0100735            0.968378            0.668008
1499           -0.439941          0.00238559            0.767189            0.620303
1501           -0.439941          0.00238559            0.767189            0.620303
1503           -0.415693          0.00507641            0.767189            0.620303
1505           -0.384116          0.00271886            0.682376            0.588411
1507           -0.384116          0.00271886            0.682376            0.588411
1509           -0.310881          0.00514409            0.682376            0.588411
1511           -0.339844          0.00744573            0.746262            0.768603
1513           -0.339844          0.00744573            0.746262            0.768603
1515           -0.316846          0.00415807            0.606351             0.58995
1517           -0.316846          0.00415807            0.606351             0.58995
1519           -0.194387          0.00670821            0.395688            0.766781
1521           -0.318508          0.00574028            0.621176            0.787621
1523           -0.336041          0.00370577            0.624658            0.591734
1525           -0.341315          0.00440624            0.619791            0.710821
1527           -0.341315          0.00440624            0.619791            0.710821
1529           -0.226602           0.0102792            0.547755            0.942782
1531           -0.226602           0.0102792            0.547755            0.942782
1533            -0.14248            0.013738            0.340102             1.12268
1535            -0.14248            0.013738            0.340102             1.12268
1537           -0.127515           0.0166453            0.340102             1.12268
1539           -0.266463          0.00712531            0.448293            0.896887
1541           -0.266463          0.00712531            0.448293            0.896887
1543           -0.232926          0.00604549            0.221252            0.906272
1545           -0.232926          0.00604549            0.221252            0.906272
1547           -0.255948          0.00830914            0.211338             1.01337
1549           -0.255948          0.00830914            0.211338             1.01337
1551           -0.238134          0.00864658            0.340021            0.954203
1553           -0.238134          0.00864658            0.340021            0.954203
1555           -0.224423           0.0108112            0.340021            0.954203
1557          -0.0988111          0.00600334            0.260139            0.755512
1559          -0.0988111          0.00600334            0.260139            0.755512
1561           -0.230875          0.00640991            0.186042            0.906487
1563           -0.230875          0.00640991            0.186042            0.906487
1565           -0.233327           0.0114291            0.146668            0.936323
1567           -0.233327           0.0114291            0.146668            0.936323
1569           -0.232315           0.0110503            0.310309             1.02498
1571           -0.232315           0.0110503            0.310309             1.02498
1573           -0.224368          0.00594983            0.173416            0.902451
1575           -0.224368          0.00594983            0.173416            0.902451
1577           -0.227287          0.00690841            0.290818            0.869067
1579           -0.234772          0.00711724           0.0662512            0.927856
1581           -0.234772          0.00711724           0.0662512            0.927856
1583            -0.14477          0.00813037           0.0662512            0.927856
1585           -0.172909          0.00651422            0.182802            0.825978
1587           -0.256871          0.00677433          -0.0461474            0.994788
1589           -0.256871          0.00677433          -0.0461474            0.994788
1591           -0.246113          0.00656481            0.118375            0.959753
1593           -0.251576           0.0109433         -0.00383237             1.05054
1595           -0.265105          0.00612202            -0.22481            0.946885
1597           -0.265105          0.00612202            -0.22481            0.946885
1599           -0.206599          0.00592042           -0.325771            0.819522
1601           -0.250782           0.0056625           -0.383513            0.854758
1603           -0.250782           0.0056625           -0.383513            0.854758
1605           -0.252392          0.00898206            -0.53022            0.957194
1607           -0.252392          0.00898206            -0.53022            0.957194
1609           -0.030421           0.0220515            -0.53022            0.957194
1611          0.00288392           0.0224697           -0.456313             1.13989
1613          -0.0567999           0.0192629           -0.615097             1.04977
1615           -0.260497          0.00732539           -0.432228             0.91226
1617           -0.260497          0.00732539           -0.432228             0.91226
1619           -0.210582           0.0129761           -0.432228             0.91226
1621           -0.246583          0.00993753           -0.545516            0.906566
1623           -0.246583          0.00993753           -0.545516            0.906566
1625           -0.363741          0.00399158           -0.658544            0.718433
1627           -0.363741          0.00399158           -0.658544            0.718433
1629           -0.278141          0.00931061           -0.658544            0.718433
1631           -0.269192          0.00961162           -0.658544            0.718433
1633           -0.276066            0.003842           -0.556946            0.651127
1635           -0.276066            0.003842           -0.556946            0.651127
1637           -0.424049           0.0027787           -0.721644            0.613737
1639           -0.424049           0.0027787           -0.721644            0.613737
1641           -0.412799          0.00290483           -0.721644            0.613737
1643           -0.345733          0.00402719           -0.721644            0.613737
1645            -0.39362          0.00308792           -0.680404             0.60541
1647            -0.39362          0.00308792           -0.680404             0.60541
1649           -0.428533          0.00253028           -0.772941            0.576641
1651           -0.428533          0.00253028           -0.772941            0.576641
1653           -0.282941          0.00683621           -0.772941            0.576641
1655           -0.207741          0.00511091           -0.772941            0.576641
1657           -0.204426          0.00755507           -0.772941            0.576641
1659            -0.36537          0.00471463           -0.665454            0.725521
1661            -0.36537          0.00471463           -0.665454            0.725521
1663           -0.363117          0.00396683           -0.643573            0.708897
1665           -0.363117          0.00396683           -0.643573            0.708897
1667           -0.180066          0.00695388           -0.643573            0.708897
1669           -0.271243          0.00756296            -0.79082             0.49525
1671           -0.271243          0.00756296            -0.79082             0.49525
1673           -0.366828          0.00688923           -0.884211            0.692333
1675           -0.366828          0.00688923           -0.884211            0.692333
1677           -0.255454           0.0120575           -0.703034            0.856976
1679           -0.255454           0.0120575           -0.703034            0.856976
1681           -0.416011          0.00372141           -0.752797            0.676221
1683           -0.416011          0.00372141           -0.752797            0.676221
1685           -0.410614          0.00280133           -0.710363            0.644997
1687           -0.410614          0.00280133           -0.710363            0.644997
1689           -0.280903          0.00876281           -0.710363            0.644997
1691           -0.387246          0.00390315           -0.922034            0.586632
1693           -0.387246          0.00390315           -0.922034            0.586632
1695           -0.193951           0.0092342           -0.922034            0.586632
1697            0.147339           0.0107642           -0.922034            0.586632
1699           -0.183738          0.00670664            -0.95599            0.496187
1701           -0.208771          0.00811614           -0.885293            0.487728
1703           -0.208771          0.00811614           -0.885293            0.487728
1705           -0.100372           0.0124869            -1.04057            0.699415
1707           -0.100372           0.0124869            -1.04057            0.699415
1709           -0.092143           0.0166171            -1.04057            0.699415
1711           0.0197741           0.0189895            -1.04057            0.699415
1713           -0.367682          0.00417915           -0.904362            0.562382
1715           -0.367682          0.00417915           -0.904362            0.562382
1717           -0.436848          0.00263597           -0.759904            0.626961
1719           -0.436848          0.00263597           -0.759904            0.626961
1721           -0.235456          0.00585974           -0.759904            0.626961
1723          -0.0213867           0.0089449           -0.759904            0.626961
1725          -0.0459353            0.010345           -0.594893            0.435921
1727          -0.0459353            0.010345           -0.594893            0.435921
1729           -0.125213          0.00820512           -0.576925            0.462242
1731           -0.125213          0.00820512           -0.576925            0.462242
1733            0.554251           0.0116914           -0.576925            0.462242
1735           -0.185012           0.0075743           -0.605353            0.478846
1737           -0.185012           0.0075743           -0.605353            0.478846
1739            0.402658           0.0144387           -0.479286            0.357539
1741           0.0162858          0.00761051           -0.445152            0.500421
1743           -0.144722          0.00607618           -0.481894            0.601933
1745           -0.307091          0.00659738           -0.708846            0.507188
1747           -0.382274          0.00508576           -0.765019            0.538375
1749           -0.382274          0.00508576           -0.765019            0.538375
1751           0.0235363           0.0116679           -0.765019            0.538375
1753            0.114228           0.0132982           -0.930709            0.429627
1755            0.114228           0.0132982           -0.930709            0.429627
1757            0.113079          0.00885057            -1.16113            0.589385
1759            -0.02579          0.00530675            -1.10145            0.516633
1761            -0.02579          0.00530675            -1.10145            0.516633
1763            -0.17723          0.00711776            -1.05022            0.609424
1765           -0.384273          0.00459795           -0.924446             0.62294
1767           -0.384273          0.00459795           -0.924446             0.62294
1769           0.0497531          0.00783607           -0.924446             0.62294
1771           -0.430953          0.00342314           -0.854387            0.605784
1773           -0.430953          0.00342314           -0.854387            0.605784
1775           -0.400563          0.00644651           -0.813745            0.700424
1777           -0.400563          0.00644651           -0.813745            0.700424
1779           -0.232138          0.00763105           -0.845519            0.487955
1781           -0.236329          0.00977232           -0.976235            0.701826
1783           -0.236329          0.00977232           -0.976235            0.701826
1785            0.266379           0.0249433           -0.976235            0.701826
1787            0.303405           0.0075997           -0.976235            0.701826
1789            0.424791            0.016375            -1.19902            0.674459
1791           -0.123933          0.00613388            -1.07744            0.597835
1793           -0.206643            0.012592           -0.865428            0.804785
1795           -0.206643            0.012592           -0.865428            0.804785
1797            -0.35844          0.00660071           -0.802402            0.737931
1799            -0.35844          0.00660071           -0.802402            0.737931
1801           -0.172167           0.0140741           -0.802402            0.737931
1803           -0.159788           0.0127444           -0.766647            0.917668
1805           -0.394518          0.00541488           -0.805367            0.705292
1807           -0.394518          0.00541488           -0.805367            0.705292
1809           -0.335703          0.00605289           -0.805367            0.705292
1811           -0.267319          0.00820743           -0.805367            0.705292
1813            -0.33925          0.00705614           -0.925063            0.677206
1815            -0.33925          0.00705614           -0.925063            0.677206
1817           -0.190697           0.0101328           -0.925063            0.677206
1819             -0.4016            0.004909           -0.887669            0.650603
1821             -0.4016            0.004909           -0.887669            0.650603
1823           -0.428977          0.00277559           -0.736841            0.645707
1825           -0.428977          0.00277559           -0.736841            0.645707
1827           -0.367168          0.00341521           -0.642283            0.662779
1829           -0.367168          0.00341521           -0.642283            0.662779
1831           -0.267698          0.00768287           -0.468252            0.868008
1833           -0.299744          0.00630944            -0.56722            0.789059
1835           -0.431825           0.0029356           -0.774367            0.650143
1837           -0.431825           0.0029356           -0.774367            0.650143
1839            -0.33984           0.0086434           -0.774367            0.650143
1841           -0.253501          0.00484464           -0.774367            0.650143
1843           -0.317011          0.00366956           -0.956693            0.554008
1845           -0.317011          0.00366956           -0.956693            0.554008
1847           -0.157868           0.0062116            -1.05519            0.575912
1849             -0.3268          0.00402484           -0.958865            0.566341
1851             -0.3268          0.00402484           -0.958865            0.566341
1853           -0.401198          0.00420901            -0.90447            0.633868
1855           -0.401198          0.00420901            -0.90447            0.633868
1857           -0.347435          0.00610004           -0.940517            0.652069
1859           -0.347435          0.00610004           -0.940517            0.652069
1861           -0.274047          0.00420979           -0.940517            0.652069
1863           -0.440032           0.0024049           -0.766815            0.624919
1865           -0.440032           0.0024049           -0.766815            0.624919
1867           -0.381129           0.0055392           -0.911547            0.642266
1869           -0.404727          0.00346834           -0.704435             0.67731
1871           -0.404727          0.00346834           -0.704435             0.67731
1873           -0.281229          0.00794598           -0.704435             0.67731
1875           -0.233791          0.00974026           -0.704435             0.67731
1877           -0.286718          0.00626571           -0.510564            0.870824
1879           -0.286718          0.00626571           -0.510564            0.870824
1881            -0.26657          0.00642229           -0.510564            0.870824
1883           -0.385717          0.00498919           -0.689111            0.698041
1885           -0.385717          0.00498919           -0.689111            0.698041
1887           -0.282509          0.00540676           -0.689111            0.698041
1889           -0.414507          0.00246259           -0.712421            0.629564
1891           -0.414507          0.00246259           -0.712421            0.629564
1893           -0.294657          0.00967908           -0.712421            0.629564
1895           -0.396133          0.00324335           -0.706448            0.565365
1897           -0.396133          0.00324335           -0.706448            0.565365
1899           -0.378479          0.00517508           -0.877453            0.686943
1901           -0.378479          0.00517508           -0.877453            0.686943
1903           -0.271678          0.00954671           -0.816105            0.816565
1905           -0.340647          0.00939234           -0.881852            0.712858
1907           -0.369759          0.00501556           -0.754611             0.53173
1909           -0.369759          0.00501556           -0.754611             0.53173
1911           -0.429909           0.0027234           -0.847516            0.594476
1913           -0.429909           0.0027234           -0.847516            0.594476
1915            0.112203           0.0145838            -0.70387            0.417213
1917           -0.423472           0.0022607           -0.733318            0.604089
1919           -0.423472           0.0022607           -0.733318            0.604089
1921           -0.358313           0.0069573           -0.733318            0.604089
1923           -0.431085           0.0034511           -0.853252            0.633252
1925           -0.431085           0.0034511           -0.853252            0.633252
1927           -0.114799           0.0102841           -0.750033            0.451593
1929           -0.114799           0.0102841           -0.750033            0.451593
1931          -0.0791684          0.00900774           -0.750033            0.451593
1933            0.419817           0.0201633           -0.765702            0.384735
1935            0.419817           0.0201633           -0.765702            0.384735
1937            0.201534           0.0171224           -0.675133            0.401859
1939            0.201534           0.0171224           -0.675133            0.401859
1941             1.03863           0.0245841           -0.675133            0.401859
1943            0.187798           0.0111624           -0.462029            0.409173
1945            0.187798           0.0111624           -0.462029            0.409173
1947           -0.230629          0.00657466           -0.608932            0.496843
1949           -0.230629          0.00657466           -0.608932            0.496843
1951           -0.378886          0.00337269           -0.672623             0.67738
1953           -0.435746          0.00326518            -0.79464            0.577348
1955           -0.435746          0.00326518            -0.79464            0.577348
1957           -0.392496          0.00315392           -0.696145            0.568507
1959           -0.395901          0.00372642           -0.887834            0.565738
1961           -0.395901          0.00372642           -0.887834            0.565738
1963           -0.339906          0.00756374           -0.887834            0.565738
1965            -0.38079          0.00308697           -0.662685            0.623633
1967            -0.38079          0.00308697           -0.662685            0.623633
1969           -0.156046          0.00729333           -0.662685            0.623633
1971           -0.235426          0.00841745           -0.690358            0.473906
1973           -0.235426          0.00841745           -0.690358            0.473906
1975           -0.419122          0.00300744           -0.867955             0.58858
1977           -0.419122          0.00300744           -0.867955             0.58858
1979           -0.369546          0.00738369           -0.775629            0.731999
1981           -0.369546          0.00738369           -0.775629            0.731999
1983           -0.386983          0.00434944           -0.769031            0.544211
1985           -0.392667          0.00582233           -0.830753            0.711824
1987           -0.392667          0.00582233           -0.830753            0.711824
1989           -0.268651           0.0127565           -0.852737             0.78592
1991           -0.268651           0.0127565           -0.852737             0.78592
1993           -0.419441          0.00424557           -0.831121            0.651191
1995           -0.419441          0.00424557           -0.831121            0.651191
1997           -0.411824          0.00596513           -0.831121            0.651191
1999           -0.318176           0.0052318           -0.977647            0.613967
