1999           -0.199506                   0            0.362048            -1.05145
2001            -0.22536           0.0104745            0.378498            -1.03818
2003           -0.251992          0.00886264            0.345002            -1.00576
2005           -0.251992          0.00886264            0.345002            -1.00576
2007           -0.235727          0.00981392            0.345002            -1.00576
2009           -0.224068           0.0092138            0.351557           -0.985183
2011           -0.224068           0.0092138            0.351557           -0.985183
2013           -0.254703          0.00770139            0.378518            -0.95645
2015           -0.258337          0.00583865             0.36756           -0.924464
2017           -0.258337          0.00583865             0.36756           -0.924464
2019           -0.246269          0.00919599            0.400061            -0.93965
2021            -0.25535          0.00683691            0.381567           -0.909589
2023           -0.267014          0.00676243            0.359625           -0.937544
2025           -0.267014          0.00676243            0.359625           -0.937544
2027           -0.258394          0.00726497            0.381016           -0.947801
2029           -0.258394          0.00726497            0.381016           -0.947801
2031           -0.265888          0.00684008            0.373452           -0.926682
2033           -0.265888          0.00684008            0.373452           -0.926682
2035           -0.254536          0.00879993            0.389792           -0.956183
2037           -0.261461          0.00729262            0.377835           -0.927929
2039           -0.261461          0.00729262            0.377835           -0.927929
2041           -0.258245          0.00665799            0.354883           -0.950446
2043           -0.258245          0.00665799            0.354883           -0.950446
2045           -0.262868          0.00616523            0.374042           -0.933527
2047           -0.262868          0.00616523            0.374042           -0.933527
2049           -0.260212          0.00601398            0.374042           -0.933527
2051           -0.252166          0.00703823            0.374042           -0.933527
2053           -0.250265          0.00761895            0.374042           -0.933527
2055           -0.251919          0.00716076            0.379711           -0.922715
2057           -0.258306          0.00647348            0.389431           -0.890526
2059           -0.258306          0.00647348            0.389431           -0.890526
2061           -0.265146          0.00662464            0.367069           -0.902269
2063           -0.265146          0.00662464            0.367069           -0.902269
2065           -0.248618          0.00715488            0.366502            -0.86992
2067           -0.248618          0.00715488            0.366502            -0.86992
2069            -0.24087          0.00553492            0.380511           -0.847638
2071           -0.255622          0.00627044            0.394057           -0.873441
2073           -0.255622          0.00627044            0.394057           -0.873441
2075           -0.255427           0.0066909            0.413421           -0.894114
2077           -0.267851          0.00715111            0.442581           -0.921098
2079           -0.270536          0.00858331            0.429232           -0.932769
2081           -0.270536          0.00858331            0.429232           -0.932769
2083           -0.256018          0.00828128            0.429232           -0.932769
2085           -0.267474           0.0073256            0.415537           -0.902683
2087           -0.267474           0.0073256            0.415537           -0.902683
2089           -0.256145          0.00688481            0.415537           -0.902683
2091           -0.267023          0.00608539            0.413126           -0.892224
2093           -0.267023          0.00608539            0.413126           -0.892224
2095           -0.263427          0.00697433            0.413126           -0.892224
2097           -0.260775          0.00749722            0.386632           -0.906628
2099           -0.260775          0.00749722            0.386632           -0.906628
2101           -0.255496          0.00893836            0.386632           -0.906628
2103           -0.262055          0.00726903            0.388908            -0.90091
2105           -0.264291          0.00693008            0.419989           -0.878734
2107           -0.266182          0.00686018            0.431615           -0.904865
2109           -0.266182          0.00686018            0.431615           -0.904865
2111           -0.264529          0.00698367            0.431615           -0.904865
2113            -0.25852          0.00796182            0.414628           -0.931648
2115            -0.25852          0.00796182            0.414628           -0.931648
2117           -0.250455           0.0091824            0.414628           -0.931648
2119           -0.254269          0.00814006            0.409503           -0.928338
2121           -0.261373          0.00887802            0.409797           -0.952762
2123           -0.261373          0.00887802            0.409797           -0.952762
2125           -0.251608           0.0098274            0.409797           -0.952762
2127           -0.248557          0.00851497            0.409797           -0.952762
2129           -0.245758           0.0094685            0.397768           -0.980381
2131            -0.25022          0.00807753            0.389839           -0.951097
2133           -0.261176          0.00742621            0.358523           -0.939009
2135           -0.262322          0.00695537            0.381975           -0.938313
2137           -0.262322          0.00695537            0.381975           -0.938313
2139           -0.263162          0.00720412            0.401505           -0.906781
2141           -0.263416          0.00591546             0.37622           -0.930826
2143           -0.264109           0.0083915            0.389847           -0.958388
2145           -0.264109           0.0083915            0.389847           -0.958388
2147           -0.255856          0.00891898            0.420653           -0.940769
2149           -0.255856          0.00891898            0.420653           -0.940769
2151           -0.253326           0.0100505            0.410272           -0.951652
2153           -0.259191          0.00739992            0.402269           -0.953027
2155           -0.260428          0.00909766            0.433777           -0.950778
2157           -0.260428          0.00909766            0.433777           -0.950778
2159           -0.252689          0.00960255            0.433777           -0.950778
2161           -0.252709          0.00864436             0.41056            -0.96418
2163            -0.25336          0.00872984            0.412418           -0.988078
2165           -0.255793          0.00901956             0.44104           -0.976586
2167           -0.255793          0.00901956             0.44104           -0.976586
2169           -0.223282           0.0148931             0.44104           -0.976586
2171           -0.259786          0.00671293            0.434586           -0.968404
2173           -0.259786          0.00671293            0.434586           -0.968404
2175           -0.253091          0.00751451            0.402933           -0.951279
2177           -0.253091          0.00751451            0.402933           -0.951279
2179           -0.261134          0.00677508            0.378989           -0.919793
2181           -0.261134          0.00677508            0.378989           -0.919793
2183           -0.256964          0.00595111            0.378989           -0.919793
2185           -0.255494          0.00738759            0.378989           -0.919793
2187           -0.252698          0.00650369            0.362129           -0.949605
2189           -0.252698          0.00650369            0.362129           -0.949605
2191           -0.243393          0.00939876            0.362129           -0.949605
2193           -0.255016          0.00711084            0.382296            -0.93085
2195           -0.255016          0.00711084            0.382296            -0.93085
2197            -0.25454          0.00773824             0.36502           -0.947802
2199            -0.25454          0.00773824             0.36502           -0.947802
2201           -0.252013          0.00747471             0.37197           -0.947029
2203           -0.253991          0.00858854            0.398451           -0.942057
2205           -0.262736          0.00691266            0.407585           -0.925914
2207           -0.262736          0.00691266            0.407585           -0.925914
2209           -0.266176          0.00893268            0.382814           -0.913736
2211           -0.266176          0.00893268            0.382814           -0.913736
2213            -0.25204            0.010374            0.382814           -0.913736
2215           -0.267904           0.0079672            0.410681           -0.912816
2217           -0.267904           0.0079672            0.410681           -0.912816
2219           -0.273681          0.00615462            0.429844           -0.894228
2221           -0.273681          0.00615462            0.429844           -0.894228
2223            -0.25896          0.00644619            0.429844           -0.894228
2225           -0.267819          0.00633881            0.425329           -0.896838
2227           -0.267819          0.00633881            0.425329           -0.896838
2229           -0.264881          0.00762585            0.446617           -0.911017
2231           -0.264881          0.00762585            0.446617           -0.911017
2233           -0.254041          0.00650618            0.446617           -0.911017
2235           -0.262705          0.00787064            0.424702           -0.910228
2237           -0.264559          0.00751075            0.446864           -0.918184
2239           -0.264559          0.00751075            0.446864           -0.918184
2241           -0.283812           0.0070265            0.476234           -0.903417
2243           -0.283812           0.0070265            0.476234           -0.903417
2245           -0.270465           0.0067511            0.476234           -0.903417
2247            -0.26649          0.00792521            0.476234           -0.903417
2249            -0.24618           0.0108302            0.459133           -0.933418
2251            -0.24618           0.0108302            0.459133           -0.933418
2253           -0.259589           0.0071846            0.463279            -0.90221
2255           -0.269607          0.00573888            0.445225           -0.881191
2257           -0.269607          0.00573888            0.445225           -0.881191
2259           -0.266574          0.00752738            0.445225           -0.881191
2261           -0.264294          0.00736493            0.456142           -0.873177
2263           -0.264294          0.00736493            0.456142           -0.873177
2265           -0.259905          0.00715594            0.444357           -0.877404
2267           -0.268891          0.00624045             0.44908           -0.891984
2269           -0.268636          0.00676151             0.44081           -0.873002
2271           -0.268636          0.00676151             0.44081           -0.873002
2273           -0.263384           0.0068087             0.44081           -0.873002
2275           -0.267619          0.00815473            0.439694            -0.89928
2277           -0.267619          0.00815473            0.439694            -0.89928
2279           -0.262204          0.00747799            0.414966           -0.912141
2281           -0.262204          0.00747799            0.414966           -0.912141
2283             -0.2617          0.00608074            0.414966           -0.912141
2285           -0.252504          0.00603112            0.393965           -0.897642
2287           -0.258331          0.00577775            0.402673           -0.880273
2289           -0.263029          0.00683726            0.397463           -0.875174
2291           -0.263029          0.00683726            0.397463           -0.875174
2293           -0.262013          0.00678046            0.397463           -0.875174
2295           -0.257522          0.00650412            0.397463           -0.875174
2297           -0.253604          0.00547839            0.397463           -0.875174
2299           -0.249008          0.00658215            0.397463           -0.875174
2301           -0.248196          0.00763133            0.421169           -0.903611
2303           -0.256304          0.00663229             0.43528           -0.910821
2305            -0.26135          0.00646606            0.440895           -0.912919
2307            -0.26135          0.00646606            0.440895           -0.912919
2309           -0.274326          0.00657106            0.446369            -0.88909
2311           -0.274326          0.00657106            0.446369            -0.88909
2313           -0.259424           0.0083512            0.422238           -0.893367
2315           -0.259424           0.0083512            0.422238           -0.893367
2317           -0.267049          0.00561827            0.411346           -0.877555
2319           -0.273087           0.0070519            0.421978           -0.897772
2321           -0.273087           0.0070519            0.421978           -0.897772
2323           -0.269236          0.00664102            0.421978           -0.897772
2325           -0.260576          0.00673064            0.403439           -0.892924
2327           -0.260576          0.00673064            0.403439           -0.892924
2329           -0.251714          0.00509854            0.394454           -0.871866
2331           -0.270881          0.00492073            0.392493           -0.888329
2333           -0.270881          0.00492073            0.392493           -0.888329
2335           -0.257116           0.0063267            0.386871           -0.881199
2337           -0.257116           0.0063267            0.386871           -0.881199
2339           -0.272416          0.00541088            0.411013           -0.877686
2341           -0.272416          0.00541088            0.411013           -0.877686
2343           -0.254821          0.00599618            0.384018           -0.900172
2345           -0.264032          0.00713629            0.412426           -0.897508
2347           -0.275348          0.00653177            0.434321           -0.892393
2349           -0.275348          0.00653177            0.434321           -0.892393
2351           -0.257442          0.00884748            0.411752           -0.914709
2353           -0.257442          0.00884748            0.411752           -0.914709
2355           -0.256156          0.00801689            0.411752           -0.914709
2357           -0.267725          0.00669581            0.419823           -0.919812
2359           -0.267725          0.00669581            0.419823           -0.919812
2361           -0.267495           0.0073943            0.419823           -0.919812
2363           -0.261106          0.00920138            0.449361            -0.91709
2365           -0.261106          0.00920138            0.449361            -0.91709
2367           -0.255426          0.00833837            0.449361            -0.91709
2369           -0.256801          0.00681258            0.422922           -0.913235
2371           -0.261971          0.00661885            0.418177            -0.89564
2373           -0.261971          0.00661885            0.418177            -0.89564
2375            -0.27288          0.00812887            0.426736           -0.895747
2377            -0.27288          0.00812887            0.426736           -0.895747
2379           -0.271971          0.00675734            0.440336           -0.895098
2381           -0.274078          0.00639665            0.444724           -0.874371
2383           -0.274078          0.00639665            0.444724           -0.874371
2385           -0.274793          0.00562041            0.460845           -0.859575
2387           -0.274793          0.00562041            0.460845           -0.859575
2389           -0.280791          0.00549488             0.48996           -0.861159
2391           -0.280791          0.00549488             0.48996           -0.861159
2393           -0.262592          0.00729422            0.470584           -0.890275
2395           -0.262592          0.00729422            0.470584           -0.890275
2397           -0.270467           0.0067535            0.487533            -0.88216
2399           -0.270467           0.0067535            0.487533            -0.88216
2401            -0.26634          0.00721647            0.487533            -0.88216
2403           -0.258693          0.00682228            0.487533            -0.88216
2405           -0.285368          0.00625656            0.477259           -0.863752
2407           -0.285368          0.00625656            0.477259           -0.863752
2409             -0.2735           0.0067464             0.49837           -0.846851
2411             -0.2735           0.0067464             0.49837           -0.846851
2413           -0.288057          0.00560959            0.507002           -0.833134
2415           -0.288057          0.00560959            0.507002           -0.833134
2417           -0.280087          0.00646332            0.507002           -0.833134
2419            -0.27789          0.00677546             0.52967           -0.813058
2421           -0.290543          0.00601214            0.543324           -0.829963
2423           -0.294616          0.00730559            0.560642           -0.824862
2425           -0.294616          0.00730559            0.560642           -0.824862
2427           -0.297865          0.00664311            0.567885           -0.838082
2429           -0.297865          0.00664311            0.567885           -0.838082
2431           -0.287879          0.00675653            0.582438           -0.833773
2433           -0.287879          0.00675653            0.582438           -0.833773
2435           -0.299691          0.00562679            0.559349           -0.827296
2437           -0.299739          0.00545899            0.545384           -0.822646
2439           -0.299739          0.00545899            0.545384           -0.822646
2441           -0.294505          0.00620992            0.545384           -0.822646
2443           -0.294496          0.00620176            0.572118           -0.825277
2445           -0.294496          0.00620176            0.572118           -0.825277
2447           -0.287318          0.00574028            0.554275           -0.806153
2449           -0.295166          0.00630852            0.555832           -0.783878
2451           -0.306828           0.0048343             0.56467           -0.757605
2453           -0.306828           0.0048343             0.56467           -0.757605
2455           -0.309101          0.00463558             0.55891           -0.776461
2457           -0.309101          0.00463558             0.55891           -0.776461
2459           -0.293616          0.00618567            0.550096           -0.795347
2461           -0.293616          0.00618567            0.550096           -0.795347
2463             -0.2955          0.00490728            0.549444           -0.766731
2465           -0.308003          0.00384697            0.561012           -0.737916
2467           -0.308003          0.00384697            0.561012           -0.737916
2469           -0.318052          0.00457654            0.582715           -0.758413
2471           -0.318052          0.00457654            0.582715           -0.758413
2473           -0.320216          0.00538653            0.589262           -0.780384
2475           -0.321151          0.00627224            0.590703           -0.765378
2477           -0.321151          0.00627224            0.590703           -0.765378
2479           -0.312812          0.00477594            0.579775           -0.749539
2481           -0.312812          0.00477594            0.579775           -0.749539
2483           -0.301941          0.00501381            0.555338            -0.75311
2485           -0.302758          0.00515927            0.549999           -0.761696
2487           -0.312969          0.00516297            0.574998           -0.762117
2489           -0.312969          0.00516297            0.574998           -0.762117
2491           -0.326089           0.0047409             0.60413           -0.746439
2493           -0.328837          0.00533206            0.613728           -0.745615
2495           -0.344157          0.00461373            0.625227           -0.756227
2497           -0.344157          0.00461373            0.625227           -0.756227
2499           -0.341867          0.00585342            0.625227           -0.756227
2501           -0.330349          0.00681646            0.625227           -0.756227
2503           -0.349182          0.00480113            0.630508           -0.731364
2505           -0.350914          0.00413541            0.638335           -0.712599
2507           -0.350914          0.00413541            0.638335           -0.712599
2509           -0.336929          0.00468675            0.621586           -0.733822
2511           -0.349446          0.00428676            0.616399            -0.70534
2513           -0.349446          0.00428676            0.616399            -0.70534
2515           -0.340616           0.0048195            0.616399            -0.70534
2517           -0.338063          0.00451773            0.616399            -0.70534
2519           -0.330579          0.00424445            0.594353           -0.684855
2521           -0.330579          0.00424445            0.594353           -0.684855
2523           -0.309076          0.00514166             0.58352           -0.701475
2525           -0.319064          0.00478887            0.589357           -0.727552
2527           -0.329586           0.0050438            0.596406           -0.729774
2529           -0.340016          0.00401735            0.608856           -0.707565
2531           -0.347102          0.00409723            0.618358           -0.690603
2533           -0.347102          0.00409723            0.618358           -0.690603
2535            -0.32039          0.00421212            0.618358           -0.690603
2537           -0.339959          0.00360198            0.609928           -0.676283
2539           -0.339959          0.00360198            0.609928           -0.676283
2541           -0.344906           0.0040097            0.618142           -0.682013
2543           -0.346364          0.00388125            0.637143           -0.705786
2545           -0.346364          0.00388125            0.637143           -0.705786
2547           -0.357811          0.00351468            0.645243           -0.693343
2549           -0.357811          0.00351468            0.645243           -0.693343
2551           -0.354279          0.00429433            0.646981            -0.70936
2553           -0.359943          0.00416232            0.663513           -0.731998
2555           -0.359943          0.00416232            0.663513           -0.731998
2557           -0.358602          0.00372346            0.655542           -0.720125
2559           -0.358602          0.00372346            0.655542           -0.720125
2561           -0.384641          0.00408577            0.683283           -0.695307
2563           -0.398619          0.00337863            0.695869           -0.666036
2565           -0.398619          0.00337863            0.695869           -0.666036
2567           -0.396029          0.00346653            0.695869           -0.666036
2569           -0.396027           0.0041192            0.698109           -0.694234
2571           -0.411148          0.00360129            0.718886           -0.671491
2573           -0.411148          0.00360129            0.718886           -0.671491
2575            -0.40021          0.00346899            0.718886           -0.671491
2577           -0.420834          0.00312357            0.742596           -0.669283
2579           -0.432791          0.00282723            0.771058           -0.653831
2581           -0.438554          0.00289075            0.778816           -0.636647
2583           -0.438554          0.00289075            0.778816           -0.636647
2585           -0.434679          0.00261978            0.778816           -0.636647
2587           -0.433112          0.00297629            0.778816           -0.636647
2589           -0.443157          0.00264346             0.80482           -0.632703
2591           -0.443157          0.00264346             0.80482           -0.632703
2593           -0.440797          0.00319924            0.802499           -0.622334
2595           -0.442745          0.00337269            0.785016           -0.608415
2597           -0.442745          0.00337269            0.785016           -0.608415
2599            -0.43907          0.00247766            0.785016           -0.608415
2601            -0.43859           0.0023405            0.785016           -0.608415
2603           -0.433872          0.00231878            0.785016           -0.608415
2605           -0.434296          0.00328153            0.763846            -0.58877
2607           -0.434296          0.00328153            0.763846            -0.58877
2609           -0.432638          0.00279652            0.775006           -0.588089
2611           -0.432638          0.00279652            0.775006           -0.588089
2613           -0.421804          0.00338561             0.75236           -0.570598
2615           -0.421804          0.00338561             0.75236           -0.570598
2617           -0.409728           0.0040052             0.75236           -0.570598
2619           -0.422156          0.00308788            0.777374           -0.572448
2621           -0.436058          0.00227191            0.773399           -0.594035
2623           -0.441237          0.00271497            0.781014           -0.605984
2625           -0.441237          0.00271497            0.781014           -0.605984
2627           -0.439606          0.00270202            0.781014           -0.605984
2629           -0.437801          0.00274487            0.793097           -0.593096
2631           -0.438997          0.00298185            0.813532           -0.604541
2633           -0.440167           0.0029897            0.795236           -0.592866
2635           -0.443366          0.00247227            0.774336           -0.616332
2637           -0.443366          0.00247227            0.774336           -0.616332
2639            -0.44249          0.00233933            0.795505            -0.60262
2641            -0.44249          0.00233933            0.795505            -0.60262
2643           -0.441831          0.00256718            0.820416           -0.609214
2645           -0.444382          0.00256531            0.800022           -0.629817
2647           -0.444382          0.00256531            0.800022           -0.629817
2649           -0.444013          0.00308798            0.807781            -0.63239
2651           -0.444013          0.00308798            0.807781            -0.63239
2653           -0.440526          0.00249415            0.790672           -0.606296
2655           -0.442272          0.00251272            0.778944           -0.630233
2657           -0.442272          0.00251272            0.778944           -0.630233
2659           -0.441678          0.00291216            0.778944           -0.630233
2661           -0.444475          0.00231174            0.791406           -0.607055
2663           -0.444475          0.00231174            0.791406           -0.607055
2665           -0.439024          0.00259084            0.783795           -0.595348
2667           -0.445287          0.00232867            0.792626           -0.622646
2669           -0.445287          0.00232867            0.792626           -0.622646
2671           -0.442823          0.00301725            0.792626           -0.622646
2673           -0.441873          0.00271965            0.795824           -0.632707
2675           -0.441873          0.00271965            0.795824           -0.632707
2677           -0.438655          0.00282503            0.774054           -0.646606
2679           -0.438655          0.00282503            0.774054           -0.646606
2681           -0.429548           0.0032726            0.772921            -0.65714
2683           -0.429141          0.00314538            0.751151           -0.657702
2685           -0.429141          0.00314538            0.751151           -0.657702
2687           -0.436172          0.00374755            0.779476           -0.646137
2689           -0.436172          0.00374755            0.779476           -0.646137
2691            -0.43562          0.00284544            0.779476           -0.646137
2693           -0.432655          0.00328522             0.76797           -0.658796
2695           -0.432655          0.00328522             0.76797           -0.658796
2697           -0.432973          0.00270053            0.750185           -0.638745
2699            -0.43985          0.00224217            0.763823           -0.623419
2701            -0.43985          0.00224217            0.763823           -0.623419
2703           -0.436239          0.00285048            0.780972           -0.630027
2705           -0.445669           0.0027467            0.802048           -0.607852
2707           -0.445669           0.0027467            0.802048           -0.607852
2709           -0.442835          0.00269289            0.802048           -0.607852
2711           -0.439975          0.00223232            0.795897           -0.592404
2713           -0.444582          0.00266611            0.796955           -0.609411
2715           -0.444582          0.00266611            0.796955           -0.609411
2717           -0.442813          0.00253458            0.774857           -0.613596
2719           -0.442909          0.00233266             0.76402           -0.608745
2721           -0.442837          0.00249836            0.769438           -0.637087
2723           -0.442837          0.00249836            0.769438           -0.637087
2725           -0.447016          0.00261871            0.797527            -0.61613
2727           -0.447016          0.00261871            0.797527            -0.61613
2729           -0.438229          0.00284385             0.80274             -0.5879
2731           -0.438229          0.00284385             0.80274             -0.5879
2733           -0.435114          0.00288953             0.80274             -0.5879
2735           -0.422502          0.00331564            0.783911           -0.566971
2737           -0.422502          0.00331564            0.783911           -0.566971
2739           -0.435415          0.00261198            0.777448           -0.590118
2741           -0.440253          0.00219921            0.757432           -0.612888
2743           -0.442253          0.00239563            0.777387           -0.609431
2745           -0.442253          0.00239563            0.777387           -0.609431
2747           -0.447756          0.00241186            0.793217           -0.618376
2749           -0.447756          0.00241186            0.793217           -0.618376
2751           -0.444693          0.00280351            0.793217           -0.618376
2753           -0.441918          0.00303097            0.811942              -0.633
2755           -0.440701          0.00295968            0.828362           -0.625953
2757           -0.440701          0.00295968            0.828362           -0.625953
2759           -0.436759          0.00290546            0.828362           -0.625953
2761           -0.439947          0.00233008            0.804462           -0.614826
2763           -0.439977          0.00252068            0.828468           -0.600885
2765           -0.445006          0.00275415            0.808807           -0.593927
2767           -0.445006          0.00275415            0.808807           -0.593927
2769            -0.44449          0.00246963            0.808774           -0.608428
2771            -0.44449          0.00246963            0.808774           -0.608428
2773           -0.443239          0.00234582            0.784963           -0.613512
2775           -0.443239          0.00234582            0.784963           -0.613512
2777            -0.44173          0.00290123            0.784963           -0.613512
2779           -0.440616          0.00335946            0.784963           -0.613512
2781            -0.44233          0.00244847            0.786643           -0.601423
2783           -0.445116          0.00240743            0.799384           -0.602983
2785           -0.445116          0.00240743            0.799384           -0.602983
2787           -0.441772          0.00267145             0.80232           -0.624267
2789           -0.441772          0.00267145             0.80232           -0.624267
2791           -0.445506          0.00259671            0.801007           -0.627693
2793           -0.445506          0.00259671            0.801007           -0.627693
2795           -0.442972          0.00231318            0.787502           -0.616568
2797           -0.442972          0.00231318            0.787502           -0.616568
2799             -0.4417           0.0024256            0.787502           -0.616568
2801           -0.438697          0.00278129            0.780748           -0.597212
2803            -0.44579          0.00292892            0.795414           -0.615305
2805            -0.44579          0.00292892            0.795414           -0.615305
2807           -0.446838          0.00240908            0.784965           -0.616163
2809           -0.446838          0.00240908            0.784965           -0.616163
2811           -0.445768          0.00233559            0.792408           -0.614093
2813           -0.445768          0.00233559            0.792408           -0.614093
2815           -0.438612          0.00284798            0.792408           -0.614093
2817           -0.441844            0.002335            0.797311            -0.59886
2819           -0.441844            0.002335            0.797311            -0.59886
2821           -0.429121          0.00346114            0.771327           -0.571195
2823           -0.429121          0.00346114            0.771327           -0.571195
2825           -0.430883          0.00286088            0.772462           -0.574622
2827           -0.430883          0.00286088            0.772462           -0.574622
2829            -0.42084          0.00278576            0.748889           -0.576561
2831           -0.435139          0.00266495            0.742123           -0.597838
2833           -0.435139          0.00266495            0.742123           -0.597838
2835           -0.421894           0.0028623             0.73301           -0.586141
2837           -0.421894           0.0028623             0.73301           -0.586141
2839           -0.431588          0.00260028            0.744771           -0.590001
2841           -0.431588          0.00260028            0.744771           -0.590001
2843           -0.430919          0.00265837            0.745756           -0.589989
2845            -0.43085            0.003127            0.749226           -0.580792
2847           -0.434167          0.00350185            0.764226           -0.586302
2849           -0.441431          0.00257833            0.771379           -0.611346
2851           -0.441431          0.00257833            0.771379           -0.611346
2853           -0.439888          0.00260209            0.771379           -0.611346
2855           -0.446156           0.0028594            0.795883           -0.609108
2857           -0.446156           0.0028594            0.795883           -0.609108
2859           -0.444767          0.00326679            0.795883           -0.609108
2861           -0.444329          0.00221792            0.774385           -0.624109
2863           -0.444329          0.00221792            0.774385           -0.624109
2865           -0.438459          0.00258222            0.774385           -0.624109
2867           -0.441004           0.0034862            0.800994           -0.650051
2869           -0.441004           0.0034862            0.800994           -0.650051
2871           -0.423082          0.00422075            0.792942           -0.676371
2873           -0.423082          0.00422075            0.792942           -0.676371
2875           -0.412305          0.00439931            0.794213           -0.672713
2877           -0.417145          0.00415365            0.800656           -0.684647
2879           -0.417145          0.00415365            0.800656           -0.684647
2881           -0.434575          0.00282676            0.777645            -0.66339
2883           -0.434575          0.00282676            0.777645            -0.66339
2885           -0.444322          0.00236131            0.789067           -0.640967
2887           -0.444322          0.00236131            0.789067           -0.640967
2889           -0.433505           0.0033409            0.768653           -0.642116
2891           -0.433505           0.0033409            0.768653           -0.642116
2893           -0.432146          0.00252823            0.762608           -0.655054
2895           -0.432146          0.00252823            0.762608           -0.655054
2897           -0.435584          0.00275496            0.779029           -0.660322
2899           -0.435584          0.00275496            0.779029           -0.660322
2901           -0.424718          0.00375686             0.77056           -0.669407
2903           -0.435593          0.00249142             0.74832           -0.642398
2905           -0.435593          0.00249142             0.74832           -0.642398
2907            -0.42374          0.00292843             0.74832           -0.642398
2909           -0.433948          0.00321834            0.775671           -0.669537
2911           -0.433948          0.00321834            0.775671           -0.669537
2913           -0.426899          0.00375339            0.795918           -0.663253
2915           -0.435645          0.00347015            0.796167           -0.659665
2917           -0.441736          0.00245005            0.792252           -0.636981
2919           -0.441736          0.00245005            0.792252           -0.636981
2921           -0.436876          0.00306772            0.792252           -0.636981
2923           -0.441328          0.00268894            0.802822           -0.653279
2925           -0.441328          0.00268894            0.802822           -0.653279
2927           -0.437698          0.00285305            0.788198           -0.628286
2929           -0.440654          0.00309227            0.788745           -0.650371
2931           -0.440654          0.00309227            0.788745           -0.650371
2933           -0.431778          0.00362646            0.788745           -0.650371
2935           -0.423419          0.00348275             0.78092           -0.673563
2937           -0.427219          0.00360541            0.778597           -0.669258
2939           -0.427219          0.00360541            0.778597           -0.669258
2941           -0.419755          0.00354021            0.767252           -0.685448
2943           -0.419755          0.00354021            0.767252           -0.685448
2945           -0.411202          0.00453973            0.781832           -0.695512
2947           -0.411202          0.00453973            0.781832           -0.695512
2949           -0.408152          0.00489958            0.792132           -0.700983
2951            -0.40948          0.00433006            0.773302           -0.694266
2953            -0.40948          0.00433006            0.773302           -0.694266
2955           -0.404399          0.00486857            0.794729           -0.693058
2957           -0.414811           0.0040893            0.797912           -0.682726
2959            -0.41665          0.00439061            0.792604           -0.690136
2961           -0.418147           0.0041374            0.771417           -0.682498
2963           -0.418147           0.0041374            0.771417           -0.682498
2965           -0.420815          0.00362624            0.749398           -0.677346
2967           -0.435893          0.00265272            0.771474           -0.655027
2969           -0.442299          0.00211925            0.772994           -0.639265
2971           -0.442299          0.00211925            0.772994           -0.639265
2973           -0.435456          0.00259985            0.772994           -0.639265
2975           -0.441062          0.00230674            0.768422           -0.620733
2977           -0.441062          0.00230674            0.768422           -0.620733
2979           -0.434471          0.00253015            0.756193           -0.597359
2981           -0.434471          0.00253015            0.756193           -0.597359
2983           -0.437285           0.0026359             0.75524           -0.614251
2985           -0.437473          0.00215575            0.756192           -0.622057
2987           -0.437473          0.00215575            0.756192           -0.622057
2989           -0.438471          0.00247179            0.761616           -0.628053
2991           -0.438507          0.00304572            0.771588           -0.625264
2993           -0.439561          0.00252306            0.773819           -0.631519
2995           -0.439561          0.00252306            0.773819           -0.631519
2997           -0.438895          0.00309941            0.773819           -0.631519
2999           -0.438254          0.00241465            0.775605           -0.604462
3001           -0.443651          0.00215483             0.79427            -0.60144
3003           -0.443651          0.00215483             0.79427            -0.60144
3005           -0.443002          0.00267282            0.805646           -0.626964
3007           -0.443002          0.00267282            0.805646           -0.626964
3009           -0.441056          0.00282525            0.809642           -0.637238
3011           -0.441926          0.00349069            0.785076           -0.633041
3013           -0.441926          0.00349069            0.785076           -0.633041
3015           -0.444914          0.00258931            0.789068           -0.622861
3017           -0.444914          0.00258931            0.789068           -0.622861
3019           -0.445056          0.00240633            0.811724           -0.606656
3021           -0.445056          0.00240633            0.811724           -0.606656
3023           -0.438242          0.00298796            0.838289           -0.593474
3025           -0.438242          0.00298796            0.838289           -0.593474
3027           -0.427459          0.00297695            0.838289           -0.593474
3029           -0.440579          0.00243538            0.831914           -0.604065
3031           -0.440579          0.00243538            0.831914           -0.604065
3033           -0.442042          0.00260388            0.836854           -0.615524
3035           -0.442042          0.00260388            0.836854           -0.615524
3037           -0.437998          0.00297764            0.836854           -0.615524
3039           -0.432898          0.00363846             0.85016           -0.634441
3041           -0.432898          0.00363846             0.85016           -0.634441
3043           -0.435214          0.00301367            0.838339           -0.640147
3045           -0.435214          0.00301367            0.838339           -0.640147
3047           -0.433154          0.00316683            0.838339           -0.640147
3049           -0.435273          0.00315272            0.822648           -0.646741
3051           -0.435273          0.00315272            0.822648           -0.646741
3053           -0.431685          0.00358182            0.822648           -0.646741
3055           -0.435941          0.00374388            0.837047           -0.641503
3057           -0.438223          0.00364524            0.811565           -0.638176
3059           -0.438223          0.00364524            0.811565           -0.638176
3061           -0.439597          0.00338044            0.804983           -0.630181
3063           -0.448424          0.00206866             0.80089            -0.60886
3065           -0.448424          0.00206866             0.80089            -0.60886
3067           -0.442927          0.00251744            0.775475           -0.625383
3069           -0.442927          0.00251744            0.775475           -0.625383
3071           -0.435914           0.0025317            0.775475           -0.625383
3073           -0.438202          0.00334005            0.800174           -0.632693
3075           -0.440704          0.00280607            0.809273           -0.641207
3077           -0.440704          0.00280607            0.809273           -0.641207
3079           -0.436379          0.00346636            0.809273           -0.641207
3081             -0.4301          0.00337493            0.809273           -0.641207
3083           -0.443935          0.00245817            0.817456           -0.615353
3085           -0.443935          0.00245817            0.817456           -0.615353
3087           -0.440291          0.00349384            0.817456           -0.615353
3089           -0.439107          0.00295293            0.817456           -0.615353
3091           -0.441016          0.00313308            0.808951           -0.625711
3093           -0.441016          0.00313308            0.808951           -0.625711
3095           -0.445418          0.00237604            0.802489           -0.599012
3097           -0.445418          0.00237604            0.802489           -0.599012
3099           -0.441894           0.0026146            0.805495           -0.605684
3101           -0.442871          0.00230445            0.783645           -0.606434
3103           -0.442871          0.00230445            0.783645           -0.606434
3105           -0.442867          0.00278386            0.797106           -0.593242
3107           -0.442423           0.0028969            0.812711           -0.599872
3109           -0.443447          0.00315735             0.80833           -0.595718
3111           -0.443447          0.00315735             0.80833           -0.595718
3113           -0.444912          0.00304967            0.825033           -0.621811
3115           -0.444912          0.00304967            0.825033           -0.621811
3117           -0.441839          0.00268936            0.844702           -0.613396
3119           -0.441839          0.00268936            0.844702           -0.613396
3121           -0.432347          0.00260355            0.847723           -0.601841
3123           -0.432347          0.00260355            0.847723           -0.601841
3125           -0.444158          0.00246486            0.828851           -0.609364
3127           -0.444158          0.00246486            0.828851           -0.609364
3129           -0.446243          0.00308827            0.806272           -0.620262
3131           -0.446605          0.00261677            0.781323           -0.617202
3133           -0.446605          0.00261677            0.781323           -0.617202
3135           -0.443528          0.00241837            0.790423           -0.629492
3137           -0.443528          0.00241837            0.790423           -0.629492
3139           -0.445865          0.00245802             0.79629            -0.62475
3141           -0.445865          0.00245802             0.79629            -0.62475
3143           -0.439957          0.00354844            0.796337           -0.636811
3145           -0.439957          0.00354844            0.796337           -0.636811
3147           -0.441372          0.00307842            0.822927           -0.629881
3149           -0.443646          0.00278319            0.806373           -0.623016
3151           -0.446423          0.00248758            0.789244           -0.606873
3153           -0.446423          0.00248758            0.789244           -0.606873
3155           -0.441555          0.00251232            0.790289           -0.625514
3157           -0.441555          0.00251232            0.790289           -0.625514
3159           -0.439689          0.00260958            0.799388           -0.600777
3161           -0.439689          0.00260958            0.799388           -0.600777
3163           -0.440182           0.0027931            0.821542           -0.600666
3165           -0.440182           0.0027931            0.821542           -0.600666
3167           -0.448865          0.00245296            0.816406           -0.615717
3169           -0.448865          0.00245296            0.816406           -0.615717
3171            -0.44516          0.00275214            0.808501           -0.602638
3173           -0.451212          0.00256071            0.804167           -0.611505
3175           -0.451212          0.00256071            0.804167           -0.611505
3177           -0.443176          0.00255478            0.782779           -0.626502
3179           -0.443176          0.00255478            0.782779           -0.626502
3181           -0.442832          0.00229404            0.771907           -0.625155
3183           -0.444523          0.00229223            0.793948            -0.61829
3185           -0.444523          0.00229223            0.793948            -0.61829
3187           -0.444107          0.00254228            0.793948            -0.61829
3189           -0.443453          0.00275632            0.787716           -0.626692
3191           -0.443453          0.00275632            0.787716           -0.626692
3193           -0.444091          0.00248145            0.778629           -0.631798
3195           -0.444091          0.00248145            0.778629           -0.631798
3197            -0.43991          0.00342368            0.793478           -0.617888
3199            -0.43991          0.00342368            0.793478           -0.617888
3201           -0.439497          0.00234593            0.793478           -0.617888
3203           -0.442937          0.00258004            0.805404           -0.643667
3205           -0.442937          0.00258004            0.805404           -0.643667
3207           -0.431616          0.00379485            0.805404           -0.643667
3209           -0.434149          0.00302231            0.786303           -0.650134
3211           -0.440333          0.00284804            0.805037           -0.626978
3213           -0.450091          0.00307156            0.813894            -0.61436
3215           -0.450091          0.00307156            0.813894            -0.61436
3217           -0.437573          0.00315164             0.82885            -0.59294
3219           -0.437573          0.00315164             0.82885            -0.59294
3221           -0.421671          0.00293195             0.82885            -0.59294
3223           -0.429398          0.00282413            0.833708           -0.584869
3225           -0.429398          0.00282413            0.833708           -0.584869
3227           -0.426715          0.00302624            0.833708           -0.584869
3229           -0.434886          0.00266235            0.809308           -0.582724
3231            -0.44199          0.00266965            0.832467           -0.609015
3233            -0.44199          0.00266965            0.832467           -0.609015
3235           -0.432774          0.00354621            0.855016            -0.62848
3237           -0.435828          0.00359227            0.848569           -0.620049
3239           -0.435828          0.00359227            0.848569           -0.620049
3241           -0.432424          0.00320202            0.848569           -0.620049
3243            -0.44196          0.00319025            0.822498           -0.626389
3245           -0.442191          0.00309175            0.812595           -0.628312
3247           -0.444605           0.0029711            0.813018           -0.616028
3249           -0.444605           0.0029711            0.813018           -0.616028
3251           -0.437076          0.00274452            0.836607           -0.608223
3253           -0.437076          0.00274452            0.836607           -0.608223
3255           -0.435409          0.00281492            0.851899           -0.609907
3257           -0.435409          0.00281492            0.851899           -0.609907
3259           -0.437652          0.00384608            0.828277           -0.616657
3261           -0.441244          0.00292112            0.813697           -0.617081
3263           -0.441244          0.00292112            0.813697           -0.617081
3265           -0.445168          0.00267284            0.813046           -0.605598
3267           -0.445168          0.00267284            0.813046           -0.605598
3269           -0.440113          0.00226839            0.791124           -0.594506
3271           -0.445174          0.00257322            0.812189           -0.602076
3273           -0.445174          0.00257322            0.812189           -0.602076
3275           -0.441995          0.00329821             0.80992           -0.620233
3277           -0.441995          0.00329821             0.80992           -0.620233
3279           -0.441132          0.00279633            0.785323           -0.637137
3281            -0.44411          0.00251941            0.806706           -0.616009
3283            -0.44411          0.00251941            0.806706           -0.616009
3285           -0.439573          0.00279947            0.806706           -0.616009
3287           -0.437113          0.00332729             0.81584           -0.612482
3289           -0.441173          0.00259295            0.806334           -0.626511
3291           -0.444094          0.00245707            0.796231           -0.605085
3293           -0.444094          0.00245707            0.796231           -0.605085
3295           -0.443314          0.00282038            0.815965           -0.624848
3297           -0.443314          0.00282038            0.815965           -0.624848
3299           -0.443216          0.00298968            0.815965           -0.624848
3301            -0.44281          0.00272725            0.791491           -0.599594
3303            -0.44281          0.00272725            0.791491           -0.599594
3305            -0.43586          0.00242825            0.766185           -0.612661
3307           -0.435988          0.00348601            0.788938           -0.631943
3309           -0.435988          0.00348601            0.788938           -0.631943
3311           -0.442878          0.00236387            0.804843           -0.613643
3313           -0.442878          0.00236387            0.804843           -0.613643
3315           -0.443524          0.00254722            0.823521           -0.637315
3317           -0.443524          0.00254722            0.823521           -0.637315
3319           -0.434528          0.00321044             0.84297           -0.654448
3321           -0.434528          0.00321044             0.84297           -0.654448
3323           -0.435986          0.00358685            0.829472           -0.647929
3325           -0.435986          0.00358685            0.829472           -0.647929
3327           -0.442257          0.00322254            0.834968           -0.627942
3329           -0.444601          0.00316922             0.81805           -0.629773
3331           -0.444601          0.00316922             0.81805           -0.629773
3333           -0.440004          0.00256778            0.806444           -0.636225
3335           -0.440004          0.00256778            0.806444           -0.636225
3337           -0.441323           0.0028366            0.789662           -0.612183
3339            -0.44214          0.00284558             0.81295           -0.621367
3341           -0.443053          0.00241441            0.802532           -0.604931
3343           -0.443053          0.00241441            0.802532           -0.604931
3345           -0.442949          0.00318976            0.802532           -0.604931
3347           -0.445782          0.00247232            0.818212           -0.628145
3349           -0.445782          0.00247232            0.818212           -0.628145
3351           -0.443054          0.00236506            0.818212           -0.628145
3353            -0.44036           0.0029356            0.818212           -0.628145
3355           -0.439173          0.00251197            0.818212           -0.628145
3357           -0.440374          0.00338073            0.836399           -0.642446
3359           -0.440374          0.00338073            0.836399           -0.642446
3361           -0.427411          0.00351848            0.836399           -0.642446
3363           -0.438769          0.00310365            0.814312           -0.624959
3365           -0.443858          0.00252273            0.815827           -0.607889
3367           -0.443858          0.00252273            0.815827           -0.607889
3369           -0.441122          0.00308243            0.791835           -0.632793
3371           -0.444786           0.0025034             0.78716            -0.62331
3373           -0.444786           0.0025034             0.78716            -0.62331
3375           -0.438159          0.00232971             0.78716            -0.62331
3377            -0.44667          0.00219145            0.780004           -0.627298
3379            -0.44667          0.00219145            0.780004           -0.627298
3381           -0.441175          0.00254617            0.799448           -0.641118
3383           -0.441175          0.00254617            0.799448           -0.641118
3385           -0.440596            0.002778            0.799448           -0.641118
3387           -0.438541          0.00384176            0.799448           -0.641118
3389           -0.437966          0.00334045            0.799448           -0.641118
3391            -0.43916          0.00345739            0.786844           -0.641712
3393            -0.43916          0.00345739            0.786844           -0.641712
3395           -0.437524          0.00208597            0.761503           -0.627778
3397           -0.442264          0.00276722            0.766246           -0.629644
3399           -0.442264          0.00276722            0.766246           -0.629644
3401           -0.437495          0.00210093            0.758467           -0.616484
3403           -0.437495          0.00210093            0.758467           -0.616484
3405           -0.439531          0.00221115             0.76736            -0.59297
3407           -0.439531          0.00221115             0.76736            -0.59297
3409           -0.434493          0.00277271            0.776634           -0.583042
3411           -0.440089          0.00254795            0.789191           -0.593044
3413           -0.440089          0.00254795            0.789191           -0.593044
3415           -0.442967          0.00232417            0.772055           -0.607435
3417           -0.443456          0.00243912            0.768864           -0.617072
3419           -0.443307          0.00254961            0.793378           -0.629655
3421           -0.444887          0.00279095            0.815313           -0.626239
3423           -0.444887          0.00279095            0.815313           -0.626239
3425           -0.440113          0.00321093            0.828463           -0.606441
3427           -0.447124          0.00272697            0.821858           -0.604822
3429           -0.447124          0.00272697            0.821858           -0.604822
3431           -0.436571           0.0027283            0.821858           -0.604822
3433           -0.434916          0.00309711             0.82443           -0.587806
3435           -0.434916          0.00309711             0.82443           -0.587806
3437           -0.442697          0.00247822            0.819959           -0.607303
3439           -0.442697          0.00247822            0.819959           -0.607303
3441            -0.43966          0.00298425            0.819959           -0.607303
3443           -0.444518          0.00284832            0.814908           -0.605626
3445           -0.444518          0.00284832            0.814908           -0.605626
3447           -0.438219          0.00231486            0.814908           -0.605626
3449           -0.444493          0.00267599            0.800294           -0.626326
3451           -0.444493          0.00267599            0.800294           -0.626326
3453           -0.436422          0.00302619            0.800294           -0.626326
3455           -0.443996          0.00277443            0.799216           -0.626172
3457           -0.443996          0.00277443            0.799216           -0.626172
3459           -0.440385           0.0025365            0.799216           -0.626172
3461           -0.435955          0.00380614            0.816885           -0.643975
3463           -0.435955          0.00380614            0.816885           -0.643975
3465           -0.434067          0.00363284            0.816885           -0.643975
3467           -0.431428          0.00365286            0.816885           -0.643975
3469           -0.434966          0.00348796             0.82791           -0.626491
3471           -0.442007          0.00275835            0.833403           -0.626211
3473           -0.442007          0.00275835            0.833403           -0.626211
3475           -0.437594          0.00319672            0.826704           -0.625899
3477            -0.43967          0.00325103            0.823575           -0.624486
3479            -0.43967          0.00325103            0.823575           -0.624486
3481           -0.435801          0.00307879            0.846607            -0.64898
3483           -0.435801          0.00307879            0.846607            -0.64898
3485           -0.432196          0.00321713            0.860558           -0.625425
3487           -0.432196          0.00321713            0.860558           -0.625425
3489           -0.433229          0.00278941            0.852567           -0.604887
3491           -0.433229          0.00278941            0.852567           -0.604887
3493           -0.430416          0.00312123            0.850217           -0.629341
3495           -0.432853          0.00355147            0.847446           -0.610577
3497           -0.439699          0.00286685            0.834037           -0.612043
3499           -0.439699          0.00286685            0.834037           -0.612043
3501            -0.43652          0.00281103            0.837229           -0.628178
3503           -0.437989          0.00277961            0.816652           -0.611242
3505            -0.44539          0.00285797            0.825648           -0.603488
3507            -0.44539          0.00285797            0.825648           -0.603488
3509           -0.438176          0.00273705            0.802871           -0.627759
3511           -0.441659          0.00362151            0.815391           -0.617461
3513           -0.441659          0.00362151            0.815391           -0.617461
3515           -0.444805          0.00264355            0.796117           -0.605197
3517           -0.444805          0.00264355            0.796117           -0.605197
3519           -0.438135          0.00255212            0.796117           -0.605197
3521           -0.442911          0.00280042            0.802344            -0.62588
3523           -0.442911          0.00280042            0.802344            -0.62588
3525           -0.441692          0.00294425            0.802344            -0.62588
3527           -0.445466          0.00286376            0.813869           -0.634041
3529           -0.445466          0.00286376            0.813869           -0.634041
3531           -0.437781          0.00316082              0.8204           -0.644592
3533           -0.445848          0.00291165            0.809854           -0.632432
3535           -0.445848          0.00291165            0.809854           -0.632432
3537           -0.445297          0.00288346            0.817078           -0.617573
3539           -0.445297          0.00288346            0.817078           -0.617573
3541           -0.443566          0.00246291            0.803037           -0.597907
3543           -0.443248           0.0023539            0.794984           -0.599938
3545           -0.443248           0.0023539            0.794984           -0.599938
3547           -0.442873          0.00287238             0.81097           -0.603406
3549            -0.44679          0.00248505            0.829521           -0.604167
3551            -0.44679          0.00248505            0.829521           -0.604167
3553           -0.443846          0.00263279             0.81942           -0.608874
3555           -0.443846          0.00263279             0.81942           -0.608874
3557           -0.439883          0.00294617             0.81942           -0.608874
3559           -0.442619           0.0025171            0.807125           -0.615661
3561           -0.443894          0.00255961            0.788937           -0.613307
3563           -0.443894          0.00255961            0.788937           -0.613307
3565            -0.44481          0.00211611            0.782798           -0.632322
3567            -0.44481          0.00211611            0.782798           -0.632322
3569           -0.439147          0.00288053            0.760906            -0.62003
3571            -0.44341          0.00219148            0.785891            -0.60456
3573            -0.44341          0.00219148            0.785891            -0.60456
3575           -0.441952          0.00269708            0.810821           -0.629575
3577           -0.445679           0.0027242             0.78867           -0.613358
3579           -0.448051          0.00231798             0.78901           -0.604431
3581           -0.448051          0.00231798             0.78901           -0.604431
3583           -0.435922           0.0029669             0.78901           -0.604431
3585           -0.436599           0.0028603            0.794733            -0.58913
3587           -0.436599           0.0028603            0.794733            -0.58913
3589           -0.436384          0.00282444             0.80571           -0.592153
3591           -0.436384          0.00282444             0.80571           -0.592153
3593           -0.436274          0.00266141            0.817478           -0.585763
3595           -0.437929            0.002609            0.837505           -0.597047
3597           -0.437899          0.00326552              0.8296           -0.596072
3599           -0.441118          0.00315408             0.81082           -0.605225
3601           -0.442332          0.00257105             0.80529           -0.597915
3603           -0.442332          0.00257105             0.80529           -0.597915
3605           -0.437125          0.00299404             0.80529           -0.597915
3607           -0.438739          0.00245326            0.786471           -0.590037
3609           -0.438739          0.00245326            0.786471           -0.590037
3611           -0.437324          0.00245571            0.786471           -0.590037
3613           -0.435411           0.0029177            0.807446           -0.585049
3615           -0.445431          0.00250346              0.8053           -0.598193
3617           -0.445431          0.00250346              0.8053           -0.598193
3619           -0.443388          0.00252084              0.8053           -0.598193
3621            -0.44212          0.00245995              0.8053           -0.598193
3623           -0.437323          0.00283096              0.8053           -0.598193
3625           -0.435251          0.00228012              0.8053           -0.598193
3627           -0.433398          0.00291466              0.8053           -0.598193
3629           -0.436195          0.00307964            0.801373           -0.585988
3631           -0.436195          0.00307964            0.801373           -0.585988
3633           -0.439743          0.00251358            0.822098           -0.607059
3635           -0.439743          0.00251358            0.822098           -0.607059
3637           -0.445017          0.00231616            0.814068           -0.624162
3639            -0.44632          0.00292443            0.793429           -0.628335
3641            -0.44632          0.00292443            0.793429           -0.628335
3643           -0.442819          0.00298841            0.797932           -0.633922
3645           -0.442819          0.00298841            0.797932           -0.633922
3647           -0.443159          0.00266085             0.78095           -0.628109
3649           -0.443085          0.00366362            0.803413           -0.631851
3651           -0.443085          0.00366362            0.803413           -0.631851
3653           -0.439163          0.00290099            0.803413           -0.631851
3655           -0.438562          0.00332392            0.790964            -0.64506
3657           -0.438562          0.00332392            0.790964            -0.64506
3659           -0.434623          0.00374754            0.787116           -0.666389
3661           -0.434623          0.00374754            0.787116           -0.666389
3663           -0.425813          0.00366217            0.787116           -0.666389
3665            -0.42456          0.00405918            0.787116           -0.666389
3667            -0.42496          0.00347008            0.786944           -0.676445
3669            -0.42496          0.00347008            0.786944           -0.676445
3671           -0.431757          0.00304933            0.799062           -0.660911
3673           -0.441617          0.00282077            0.788545           -0.637391
3675           -0.441617          0.00282077            0.788545           -0.637391
3677           -0.441472          0.00296566            0.801055           -0.634773
3679           -0.441472          0.00296566            0.801055           -0.634773
3681           -0.436285          0.00333781            0.801055           -0.634773
3683           -0.442082          0.00292871            0.819424           -0.621578
3685           -0.442082          0.00292871            0.819424           -0.621578
3687           -0.435457           0.0035056            0.819424           -0.621578
3689           -0.434007            0.003421            0.819424           -0.621578
3691           -0.436368          0.00330857            0.837099           -0.642284
3693           -0.436368          0.00330857            0.837099           -0.642284
3695           -0.435807           0.0037288            0.815737           -0.642977
3697           -0.435807           0.0037288            0.815737           -0.642977
3699            -0.44439          0.00251378             0.80891           -0.626398
3701            -0.44439          0.00251378             0.80891           -0.626398
3703           -0.442501          0.00269581             0.80891           -0.626398
3705           -0.438946          0.00347023             0.80891           -0.626398
3707           -0.434845           0.0032527            0.817272           -0.638523
3709           -0.438985           0.0030334             0.83478           -0.624722
3711           -0.438985           0.0030334             0.83478           -0.624722
3713            -0.43736          0.00297639             0.83478           -0.624722
3715            -0.43296           0.0030348            0.848523           -0.624824
3717            -0.43296           0.0030348            0.848523           -0.624824
3719           -0.433331          0.00330028            0.850117           -0.629781
3721           -0.437149          0.00323736            0.838014           -0.621217
3723           -0.437149          0.00323736            0.838014           -0.621217
3725           -0.439263          0.00305725            0.825925            -0.61508
3727           -0.439263          0.00305725            0.825925            -0.61508
3729           -0.438884          0.00358151            0.832684           -0.622337
3731           -0.438884          0.00358151            0.832684           -0.622337
3733           -0.433783          0.00339837            0.832684           -0.622337
3735           -0.435124            0.002781            0.855435           -0.619627
3737           -0.435124            0.002781            0.855435           -0.619627
3739           -0.428951          0.00367191            0.846182           -0.639588
3741           -0.440839          0.00290888            0.844564           -0.625181
3743           -0.440839          0.00290888            0.844564           -0.625181
3745           -0.432405          0.00455064            0.844564           -0.625181
3747           -0.440535          0.00301567             0.83356           -0.617231
3749           -0.440535          0.00301567             0.83356           -0.617231
3751            -0.43737           0.0027144            0.846457           -0.611102
3753            -0.43737           0.0027144            0.846457           -0.611102
3755            -0.43155          0.00258788            0.846457           -0.611102
3757           -0.440474          0.00325299            0.825704           -0.618701
3759           -0.440474          0.00325299            0.825704           -0.618701
3761            -0.43834          0.00324854            0.825704           -0.618701
3763            -0.44277          0.00322431            0.819748           -0.637862
3765            -0.44277          0.00322431            0.819748           -0.637862
3767           -0.435361           0.0039078            0.819748           -0.637862
3769            -0.44451          0.00271175            0.802818           -0.636601
3771            -0.44451          0.00271175            0.802818           -0.636601
3773           -0.443656          0.00277125            0.802818           -0.636601
3775           -0.443302          0.00250933            0.814662           -0.616653
3777           -0.443302          0.00250933            0.814662           -0.616653
3779           -0.446231          0.00275534             0.81066           -0.624632
3781           -0.446231          0.00275534             0.81066           -0.624632
3783           -0.441349          0.00305034             0.81066           -0.624632
3785           -0.437743          0.00279879             0.81066           -0.624632
3787           -0.442372          0.00256308             0.82164           -0.636427
3789           -0.442372          0.00256308             0.82164           -0.636427
3791           -0.440035          0.00303321             0.82164           -0.636427
3793           -0.437319            0.003335            0.830108           -0.618791
3795           -0.440752           0.0025565             0.83415           -0.621911
3797           -0.443161          0.00293663            0.823468            -0.62234
3799           -0.443161          0.00293663            0.823468            -0.62234
3801           -0.440481          0.00294417            0.838419           -0.602366
3803           -0.440481          0.00294417            0.838419           -0.602366
3805           -0.430141          0.00311508            0.857704           -0.604144
3807           -0.430141          0.00311508            0.857704           -0.604144
3809           -0.429854          0.00348524            0.857704           -0.604144
3811           -0.417088          0.00365181            0.857704           -0.604144
3813           -0.434092          0.00338449            0.861297           -0.620433
3815           -0.434092          0.00338449            0.861297           -0.620433
3817           -0.438033          0.00323591            0.843474            -0.61607
3819           -0.438033          0.00323591            0.843474            -0.61607
3821           -0.429643          0.00560836            0.848484           -0.622613
3823           -0.429643          0.00560836            0.848484           -0.622613
3825           -0.437859          0.00298582            0.832924            -0.59919
3827           -0.437859          0.00298582            0.832924            -0.59919
3829           -0.438519          0.00322551            0.809209           -0.599606
3831           -0.439271          0.00230307            0.809638           -0.588739
3833           -0.439271          0.00230307            0.809638           -0.588739
3835           -0.435139          0.00270124            0.809638           -0.588739
3837           -0.440504          0.00301501            0.824812           -0.610579
3839           -0.443069          0.00257997            0.804823           -0.613065
3841           -0.443069          0.00257997            0.804823           -0.613065
3843           -0.443566           0.0026903            0.806701           -0.633942
3845           -0.443566           0.0026903            0.806701           -0.633942
3847           -0.442914          0.00251081            0.792045           -0.629473
3849           -0.442914          0.00251081            0.792045           -0.629473
3851           -0.440926          0.00276624             0.79363           -0.641956
3853           -0.441215          0.00365298            0.796869           -0.642559
3855           -0.441215          0.00365298            0.796869           -0.642559
3857           -0.442643          0.00291153            0.800796           -0.642542
3859           -0.442643          0.00291153            0.800796           -0.642542
3861           -0.433295          0.00376843             0.80814            -0.65687
3863           -0.435068          0.00359437            0.824532           -0.656804
3865           -0.435466          0.00333881              0.8129             -0.6535
3867           -0.436064          0.00458736             0.82663           -0.640971
3869           -0.440226          0.00291404            0.819535           -0.620026
3871           -0.440226          0.00291404            0.819535           -0.620026
3873           -0.441434          0.00321263            0.826097           -0.624638
3875           -0.441434          0.00321263            0.826097           -0.624638
3877           -0.440655          0.00294734            0.826097           -0.624638
3879           -0.441073          0.00326011            0.810677           -0.639485
3881           -0.442764          0.00250373            0.790673           -0.628145
3883            -0.44274          0.00310448            0.800711           -0.640339
3885           -0.444981          0.00307173            0.811397           -0.627175
3887           -0.445388          0.00276929            0.819739           -0.627809
3889           -0.445388          0.00276929            0.819739           -0.627809
3891           -0.443669          0.00266791            0.819739           -0.627809
3893           -0.441987          0.00268012            0.801183           -0.634233
3895           -0.443207          0.00285182            0.791171           -0.632301
3897            -0.44351          0.00224838            0.784963           -0.610164
3899           -0.445188          0.00258332            0.788345           -0.609794
3901           -0.445188          0.00258332            0.788345           -0.609794
3903           -0.445113          0.00234638            0.787506           -0.606028
3905           -0.445113          0.00234638            0.787506           -0.606028
3907           -0.441156          0.00238287            0.808327           -0.598481
3909           -0.441156          0.00238287            0.808327           -0.598481
3911           -0.437993          0.00280288            0.808327           -0.598481
3913           -0.444483          0.00288976            0.814829           -0.609535
3915           -0.444483          0.00288976            0.814829           -0.609535
3917             -0.4404          0.00276813            0.814829           -0.609535
3919           -0.445857          0.00228585            0.792663           -0.609954
3921           -0.445857          0.00228585            0.792663           -0.609954
3923           -0.443272          0.00288161            0.814441             -0.6312
3925           -0.443272          0.00288161            0.814441             -0.6312
3927           -0.443361          0.00295419            0.800862            -0.62669
3929           -0.443361          0.00295419            0.800862            -0.62669
3931            -0.43828          0.00294254            0.800862            -0.62669
3933           -0.450997          0.00264728            0.808441           -0.631259
3935           -0.450997          0.00264728            0.808441           -0.631259
3937           -0.444705          0.00271211            0.811722            -0.61699
3939           -0.444705          0.00271211            0.811722            -0.61699
3941           -0.444422          0.00252021            0.811722            -0.61699
3943            -0.44769          0.00229027            0.834135           -0.606965
3945            -0.44769          0.00229027            0.834135           -0.606965
3947           -0.432218           0.0030845            0.853178           -0.602125
3949           -0.436001          0.00333235            0.847402           -0.594804
3951           -0.441293          0.00251679            0.842274            -0.61809
3953           -0.441293          0.00251679            0.842274            -0.61809
3955           -0.438708          0.00319049            0.842274            -0.61809
3957           -0.433378          0.00424457            0.828486           -0.640568
3959            -0.44369          0.00290247            0.817825           -0.619903
3961            -0.44369          0.00290247            0.817825           -0.619903
3963           -0.439678          0.00373217            0.817825           -0.619903
3965           -0.439112          0.00242765            0.799523           -0.613554
3967           -0.442788           0.0025145            0.786579           -0.605465
3969           -0.445884          0.00251855            0.784108           -0.626699
3971           -0.448025          0.00218217            0.786231           -0.619977
3973           -0.448101          0.00292725            0.789957           -0.626898
3975           -0.448101          0.00292725            0.789957           -0.626898
3977           -0.446195          0.00240113            0.767709           -0.624134
3979           -0.446195          0.00240113            0.767709           -0.624134
3981           -0.440529          0.00257702            0.767709           -0.624134
3983            -0.43497          0.00239814            0.767709           -0.624134
3985           -0.430979          0.00258802            0.750895           -0.645627
3987           -0.436285          0.00229698            0.759179           -0.633649
3989           -0.441151          0.00235578            0.773612           -0.613536
3991           -0.445925          0.00227127            0.794585           -0.625712
3993           -0.445925          0.00227127            0.794585           -0.625712
3995           -0.447358          0.00223979            0.810945           -0.618311
3997           -0.447358          0.00223979            0.810945           -0.618311
