              1        1.39929        1.39929              0
              2        1.22762        1.31345       0.085832
              3        1.44024        1.35572      0.0651291
              4         1.3017        1.34221       0.047992
              5        1.28927        1.33162      0.0386529
              6        1.41915        1.34621      0.0347681
              7        1.28262        1.33713      0.0307568
              8        1.48695        1.35586      0.0325613
              9        1.36931        1.35735      0.0287553
             10        1.37413        1.35903      0.0257742
             11        1.27107        1.35103      0.0246469
             12        1.41909         1.3567      0.0232032
             13         1.3125         1.3533       0.021613
             14        1.34649        1.35282      0.0200157
             15        1.45793        1.35982      0.0199077
             16        1.44476        1.36513      0.0193637
             17        1.29352        1.36092      0.0186705
             18         1.3564        1.36067      0.0176045
             19        1.37779        1.36157      0.0166765
             20        1.35417         1.3612      0.0158251
             21        1.42037        1.36402      0.0153141
             22        1.34569        1.36318      0.0146251
             23        1.44551        1.36676      0.0144259
             24        1.50817        1.37266       0.015016
             25        1.35336        1.37188      0.0144235
             26        1.37879        1.37215      0.0138602
             27         1.3926        1.37291      0.0133585
             28        1.28724        1.36985      0.0132312
             29        1.34005        1.36882      0.0128081
             30        1.48084        1.37255      0.0129249
             31        1.47748        1.37594      0.0129511
             32        1.37677        1.37597      0.0125399
             33        1.33005        1.37457      0.0122333
             34        1.39464        1.37516      0.0118828
             35         1.4017        1.37592      0.0115631
             36        1.33366        1.37475      0.0112985
             37        1.40075        1.37545      0.0110113
             38        1.24319        1.37197      0.0112687
             39        1.35543        1.37155      0.0109841
             40        1.26729        1.36894      0.0110187
             41        1.34881        1.36845      0.0107578
             42        1.44934        1.37037      0.0106737
             43        1.55514        1.37467      0.0112735
             44        1.29378        1.37283      0.0111667
             45        1.44788         1.3745      0.0110424
             46        1.40658         1.3752      0.0108222
             47        1.38649        1.37544      0.0105921
             48        1.34251        1.37475      0.0103918
             49        1.37313        1.37472      0.0101776
             50        1.37925        1.37481     0.00997234
