              1      0.0487274      0.0487274              0
              2      0.0493741      0.0490508    0.000323349
              3      0.0487428      0.0489481    0.000213051
              4      0.0493239      0.0490421    0.000177544
              5      0.0489782      0.0490293    0.000138116
              6      0.0493723      0.0490865    0.000126436
              7      0.0489679      0.0490695    0.000108191
              8      0.0496391      0.0491407     0.00011768
              9      0.0492435      0.0491522     0.00010441
             10      0.0489106       0.049128    9.64617e-05
             11      0.0489732      0.0491139    8.83798e-05
             12      0.0493558      0.0491341    8.31601e-05
             13      0.0492125      0.0491401    7.67333e-05
             14      0.0491498      0.0491408    7.10446e-05
             15      0.0492737      0.0491497    6.67299e-05
             16       0.049017      0.0491414    6.29686e-05
             17      0.0493862      0.0491558    6.08766e-05
             18      0.0489232      0.0491429    5.88314e-05
             19      0.0488096      0.0491253    5.83473e-05
             20      0.0496089      0.0491495    6.04037e-05
             21      0.0494557      0.0491641     5.9277e-05
             22      0.0493665      0.0491733    5.72626e-05
             23      0.0492497      0.0491766    5.48171e-05
             24      0.0486509      0.0491547    5.68708e-05
             25      0.0486872       0.049136    5.76647e-05
             26      0.0491443      0.0491363    5.54034e-05
             27      0.0488223      0.0491247     5.4566e-05
             28      0.0488928      0.0491164    5.32292e-05
             29      0.0489616      0.0491111    5.16375e-05
             30      0.0490895      0.0491103    4.98918e-05
             31      0.0492176      0.0491138    4.83794e-05
             32      0.0487977      0.0491039    4.78736e-05
             33      0.0488043      0.0490949    4.72801e-05
             34      0.0490249      0.0490928    4.59146e-05
             35      0.0491254      0.0490937    4.45932e-05
             36      0.0493108      0.0490998    4.37543e-05
             37      0.0490312      0.0490979    4.25956e-05
             38      0.0490178      0.0490958    4.15131e-05
             39      0.0488271      0.0490889    4.10174e-05
             40      0.0487453      0.0490803    4.08915e-05
             41      0.0490739      0.0490802     3.9882e-05
             42      0.0492624      0.0490845    3.91621e-05
             43      0.0490393      0.0490834    3.82549e-05
             44        0.04941      0.0490909    3.81053e-05
             45      0.0492819      0.0490951    3.74901e-05
             46      0.0491204      0.0490957    3.66702e-05
             47      0.0490839      0.0490954    3.58824e-05
             48       0.048723      0.0490877    3.59733e-05
             49       0.048991      0.0490857    3.52867e-05
             50      0.0493159      0.0490903     3.4879e-05
