              1      -0.413083      -0.413083              0
              2      -0.412791      -0.412937    0.000146169
              3      -0.411544      -0.412473    0.000472072
              4      -0.414844      -0.413066    0.000680462
              5       -0.41699       -0.41385    0.000945392
              6      -0.410225      -0.413246    0.000980324
              7      -0.416142       -0.41366    0.000926094
              8       -0.41683      -0.414056    0.000894552
              9      -0.413614      -0.414007     0.00079045
             10      -0.406957      -0.413302    0.000998463
             11      -0.410199       -0.41302    0.000946181
             12      -0.411487      -0.412892    0.000873133
             13      -0.419369       -0.41339    0.000945146
             14      -0.410872       -0.41321    0.000893336
             15       -0.41518      -0.413342    0.000841957
             16      -0.417156       -0.41358    0.000822859
             17      -0.411966      -0.413485    0.000778749
             18      -0.412105      -0.413408    0.000738204
             19      -0.416135      -0.413552    0.000712868
             20      -0.412041      -0.413476    0.000680494
             21      -0.415535      -0.413574    0.000654658
             22       -0.41428      -0.413607    0.000625015
             23       -0.41491      -0.413663    0.000599903
             24      -0.414965      -0.413717    0.000576918
             25      -0.419228      -0.413938    0.000595653
             26      -0.412749      -0.413892    0.000574107
             27      -0.417688      -0.414033    0.000570043
             28      -0.414162      -0.414037    0.000549327
             29      -0.418302      -0.414184    0.000550071
             30      -0.414328      -0.414189    0.000531441
             31      -0.410125      -0.414058    0.000530469
             32      -0.416016      -0.414119    0.000517257
             33      -0.413123      -0.414089    0.000502245
             34      -0.409112      -0.413943    0.000508767
             35      -0.411575      -0.413875    0.000498627
             36      -0.413122      -0.413854     0.00048503
             37      -0.410713      -0.413769    0.000479315
             38      -0.412286       -0.41373     0.00046816
             39      -0.414986      -0.413762    0.000457133
             40      -0.413272       -0.41375    0.000445727
             41      -0.412423      -0.413718    0.000435924
             42      -0.416443      -0.413783     0.00043034
             43      -0.414579      -0.413801     0.00042062
             44      -0.412406       -0.41377    0.000412171
             45      -0.414458      -0.413785    0.000403198
             46      -0.415095      -0.413813    0.000395363
             47      -0.415925      -0.413858     0.00038946
             48      -0.414778      -0.413877    0.000381741
             49      -0.413952      -0.413879    0.000373872
             50      -0.412174      -0.413845    0.000367902
