              1       0.196105       0.196105              0
              2       0.194493       0.195299    0.000569902
              3       0.195044       0.195214    0.000386227
              4       0.198807       0.196112    0.000830065
              5        0.19463       0.195816     0.00071505
              6       0.194785       0.195644    0.000616169
              7       0.196916       0.195826    0.000554302
              8       0.198322       0.196138     0.00056606
              9       0.195112       0.196024    0.000514508
             10       0.196752       0.196096    0.000468181
             11       0.195888       0.196077    0.000426002
             12       0.197523       0.196198    0.000407177
             13       0.196995       0.196259    0.000380447
             14       0.198212       0.196399     0.00037798
             15       0.197914         0.1965    0.000366027
             16       0.201794       0.196831    0.000469449
             17       0.196566       0.196815    0.000442092
             18       0.198141       0.196889    0.000423623
             19       0.198042       0.196949     0.00040565
             20       0.196547       0.196929    0.000385867
             21       0.195163       0.196845    0.000376546
             22       0.195058       0.196764    0.000368085
             23       0.196987       0.196774    0.000352209
             24       0.196233       0.196751    0.000338252
             25       0.195702       0.196709    0.000327315
             26       0.196045       0.196684    0.000315722
             27       0.196459       0.196675    0.000304138
             28       0.194812       0.196609    0.000300472
             29       0.199712       0.196716    0.000308572
             30       0.195913       0.196689    0.000299444
             31       0.196898       0.196696     0.00028986
             32       0.198764        0.19676    0.000287918
             33       0.195032       0.196708    0.000283915
             34       0.191468       0.196554    0.000314627
             35        0.19769       0.196586    0.000307309
             36       0.199073       0.196655    0.000306438
             37       0.199085       0.196721    0.000305109
             38       0.200018       0.196808    0.000309168
             39       0.199272       0.196871    0.000307628
             40       0.198498       0.196912    0.000302616
