              1        1.37141        1.37141              0
              2        1.34339         1.3574     0.00990586
              3        1.38441        1.36641     0.00988127
              4         1.3492        1.36211     0.00829409
              5        1.36242        1.36217     0.00663551
              6        1.35655        1.36123     0.00559535
              7        1.36263        1.36143      0.0047996
              8        1.36956        1.36245     0.00430587
              9        1.32837        1.35866     0.00523382
             10        1.36958        1.35975     0.00482295
             11        1.34533        1.35844     0.00455924
             12        1.36783        1.35922     0.00424585
             13        1.39339        1.36185     0.00466216
             14         1.3502        1.36102     0.00440276
             15        1.33191        1.35908     0.00451673
             16        1.36953        1.35973     0.00428141
             17        1.37131        1.36041     0.00408341
             18        1.33922        1.35924     0.00402269
             19        1.37356        1.35999     0.00388095
             20        1.33255        1.35862     0.00392196
             21        1.35809        1.35859     0.00373528
             22        1.36781        1.35901     0.00358889
             23        1.37082        1.35953     0.00346941
             24        1.35585        1.35937     0.00332822
             25        1.32885        1.35815     0.00341168
             26        1.38344        1.35912     0.00341633
             27        1.34751        1.35869     0.00331676
             28        1.32921        1.35764     0.00336126
             29        1.37954         1.3584     0.00332913
             30        1.36369        1.35857     0.00322284
             31        1.36066        1.35864     0.00311958
             32        1.34655        1.35826     0.00304488
             33        1.37474        1.35876     0.00299329
             34        1.28556        1.35661     0.00359722
             35        1.34547        1.35629     0.00350849
             36        1.36544        1.35654     0.00342023
             37        1.37088        1.35693     0.00334965
             38        1.36655        1.35719     0.00327106
             39        1.34158        1.35678     0.00321157
             40        1.37868        1.35733     0.00317758
