              1       -0.46264       -0.46264              0
              2       -0.46306       -0.46285    0.000148492
              3       -0.46458      -0.463427    0.000481141
              4       -0.46186      -0.463035    0.000495246
              5       -0.46156       -0.46274    0.000476017
              6      -0.462956      -0.462776     0.00039804
              7      -0.461264       -0.46256    0.000395465
              8      -0.464348      -0.462784    0.000404285
              9      -0.461444      -0.462635    0.000385789
             10      -0.461704      -0.462542    0.000358259
             11        -0.4592      -0.462238    0.000435853
             12      -0.462136      -0.462229    0.000399615
             13      -0.460232      -0.462076    0.000397314
             14      -0.461196      -0.462013     0.00037387
             15      -0.461656      -0.461989    0.000349702
             16      -0.462008       -0.46199    0.000327848
             17      -0.462652      -0.462029    0.000310865
             18        -0.4603      -0.461933     0.00030808
             19       -0.46114      -0.461891     0.00029468
             20      -0.462388      -0.461916     0.00028099
             21      -0.461572        -0.4619    0.000268087
             22      -0.461868      -0.461898    0.000255906
             23      -0.461536      -0.461883    0.000245264
             24      -0.462752      -0.461919    0.000237704
             25      -0.460564      -0.461865    0.000234293
             26      -0.463872      -0.461942    0.000237662
             27       -0.46298       -0.46198    0.000231949
             28       -0.46128      -0.461955     0.00022501
             29      -0.460916      -0.461919    0.000220086
             30      -0.462276      -0.461931    0.000213071
             31       -0.46294      -0.461964    0.000208667
             32      -0.462192      -0.461971    0.000202268
             33      -0.462148      -0.461976     0.00019621
             34      -0.459192      -0.461894    0.000206824
             35      -0.461868      -0.461894    0.000200916
             36      -0.462512      -0.461911    0.000196068
             37      -0.463192      -0.461946    0.000193802
             38      -0.460704      -0.461913    0.000191436
             39       -0.46042      -0.461875    0.000190316
             40      -0.461312       -0.46186    0.000186077
