              1       0.001492       0.001492              0
              2       -0.00485      -0.001679     0.00224224
              3        0.00241      -0.000316      0.0018636
              4       0.006004       0.001264     0.00195598
              5       0.003642      0.0017396     0.00162158
              6       0.001278     0.00166267     0.00135314
              7        0.00641     0.00234086     0.00131888
              8       0.004548     0.00261675     0.00118253
              9        0.00171       0.002516     0.00105542
             10       -0.00017      0.0022474    0.000983461
             11       0.002506     0.00227091    0.000894336
             12       0.001982     0.00224683    0.000820132
             13      -0.003552     0.00180077    0.000869934
             14       0.001604     0.00178671    0.000807909
             15      -0.011494    0.000901333     0.00114028
             16      -0.003294    0.000639125     0.00109874
             17       -0.00265    0.000445647     0.00105101
             18      -0.005194    0.000132333     0.00103827
             19        0.00147    0.000202737    0.000986007
             20      -0.000704      0.0001574    0.000937749
             21       0.003834    0.000332476     0.00090929
             22      -0.000774    0.000282182    0.000869349
             23       -0.00258    0.000157739     0.00084041
             24      -0.009338   -0.000237917    0.000893689
             25       0.007406      6.784e-05    0.000908741
             26       -0.00238   -2.63077e-05    0.000878653
             27      -0.000168   -3.15556e-05    0.000846126
             28       0.003106       8.05e-05    0.000823294
             29       0.002508    0.000164207    0.000799148
             30      -0.003874       2.96e-05    0.000783765
             31       0.001952    9.16129e-05    0.000760931
             32      -0.001128       5.35e-05    0.000738106
             33        0.00426     0.00018097    0.000726663
             34       0.000404    0.000187529     0.00070532
             35       0.001624    0.000228571    0.000686361
             36       -0.00314       0.000135    0.000673643
             37      -0.003356    4.06486e-05    0.000662011
             38       0.005038    0.000172158    0.000657522
             39        -0.0005    0.000154923    0.000640889
             40       -0.00039      0.0001413    0.000625011
