              1       -5.46264       -5.46264              0
              2       -5.49827       -5.48045      0.0178131
              3       -5.45889       -5.47327      0.0125464
              4       -5.48451       -5.47608     0.00930636
              5       -5.48322       -5.47751     0.00734883
              6       -5.46119       -5.47479     0.00658797
              7        -5.4851       -5.47626      0.0057596
              8        -5.4421       -5.47199     0.00656591
              9       -5.46542       -5.47126     0.00583637
             10       -5.47768        -5.4719     0.00525958
             11        -5.4861       -5.47319     0.00492946
             12       -5.45924       -5.47203     0.00464771
             13       -5.48254       -5.47284     0.00435099
             14       -5.46854       -5.47253      0.0040399
             15       -5.45179       -5.47115     0.00400721
             16       -5.46248       -5.47061     0.00378736
             17       -5.48432       -5.47141     0.00364797
             18       -5.46704       -5.47117      0.0034479
             19        -5.4664       -5.47092     0.00327103
             20       -5.47303       -5.47103     0.00310497
             21       -5.46325       -5.47066     0.00297653
             22       -5.47629       -5.47091     0.00284953
             23       -5.45504       -5.47022     0.00280892
             24       -5.45136       -5.46944     0.00280187
             25       -5.47272       -5.46957     0.00269067
             26       -5.46595       -5.46943     0.00258886
             27       -5.47028       -5.46946     0.00249133
             28       -5.48291       -5.46994     0.00244828
             29       -5.48461       -5.47045      0.0024159
             30        -5.4528       -5.46986     0.00240698
             31       -5.44532       -5.46907     0.00245895
             32       -5.46581       -5.46896     0.00238304
             33       -5.47522       -5.46915     0.00231748
             34       -5.46364       -5.46899     0.00225413
             35       -5.46269       -5.46881     0.00219617
             36        -5.4742       -5.46896     0.00213953
             37       -5.46116       -5.46875     0.00209157
             38       -5.49451       -5.46943     0.00214565
             39       -5.47127       -5.46947     0.00209044
             40       -5.48976       -5.46998     0.00209969
             41       -5.47439       -5.47009     0.00205066
             42       -5.45761       -5.46979     0.00202317
             43       -5.43806       -5.46905     0.00210888
             44       -5.49036       -5.46954     0.00211654
             45       -5.45376       -5.46919     0.00209848
             46       -5.45992       -5.46899     0.00206222
             47       -5.46667       -5.46894     0.00201847
             48       -5.47355       -5.46903     0.00197831
             49       -5.46716       -5.46899      0.0019379
             50       -5.46622       -5.46894     0.00189955
