3.35410
2.41033
2.25936
2.25936
2.25936
2.25936
2.25936
2.25936
2.25936
2.39737
2.39737
2.58560
1.98010
1.98010
1.39935
1.60479
1.60479
1.60479
1.60479
1.60479
1.60479
1.60479
1.87194
1.87194
1.87194
1.87194
0.68900
0.64397
0.64397
0.64397
0.64397
0.64397
0.64397
0.64397
0.64397
0.64397
0.64397
0.64397
0.64397
0.64397
0.64397
0.64397
0.64397
0.64397
0.64397
0.64397
0.64397
0.64397
0.64397
0.64397
0.64397
0.64397
0.64397
0.64397
0.64397
0.64397
0.64397
0.64397
0.64397
0.64397
0.64397
0.64397
0.64397
0.64397
0.64397
0.64397
0.64397
0.64397
0.64397
0.64397
0.64397
0.64397
0.80618
0.84371
0.77628
0.77628
0.77628
1.79561
1.79561
1.79561
1.18327
1.29587
1.35853
1.35853
1.58087
1.58087
1.58087
0.64639
0.64639
0.64639
0.64639
0.55254
0.55254
0.55254
0.55254
0.55254
0.55254
0.55254
0.55254
0.55254
0.55254
0.55254
0.55254
0.55254
0.55254
0.55254
0.94842
0.94842
0.94842
0.94842
0.94842
0.94842
0.94842
0.94842
0.94842
0.94842
0.94842
0.94842
2.43651
1.55543
1.55543
2.01705
2.01705
2.01705
2.01705
2.01705
2.01964
2.01964
2.47874
3.25723
3.25723
1.45967
1.45967
1.45967
1.45967
1.45967
1.63816
1.63816
1.63816
0.32391
0.32391
0.32391
0.32391
0.32391
0.32391
0.32391
0.32391
0.32391
0.32391
0.32391
0.32391
0.32391
0.32391
0.32391
0.32391
0.32391
0.32391
0.32391
0.32391
0.32391
0.32391
0.32391
0.32391
0.32391
0.32391
0.32391
0.32391
0.32391
0.32391
0.32391
0.32391
0.32391
0.32391
0.32391
0.32391
0.32391
0.32391
0.32391
0.32391
0.32391
0.32391
0.32391
0.32391
0.32391
0.32391
0.32391
0.32391
0.32391
0.32391
0.32391
0.32391
0.32391
0.32391
0.32391
0.32391
0.32391
0.32391
0.32391
0.32391
0.32391
0.32391
0.32391
0.32391
0.32391
0.32391
0.32391
0.32391
0.32391
0.32391
0.32391
0.32391
0.32391
0.32391
0.32391
0.32391
0.32391
0.32391
0.32728
0.32728
0.32728
0.32728
0.32728
0.32728
0.32728
0.32728
0.32728
0.32728
0.32728
0.32728
0.32728
0.32728
0.32728
0.32728
0.32728
0.32728
0.32728
0.32728
0.32728
0.32728
0.32728
0.32728
1.82837
1.82837
1.82837
1.64977
1.64977
1.64977
0.96364
0.96364
0.96364
0.83592
0.83592
0.83592
0.83592
0.83592
0.83592
0.83592
0.83592
0.83592
0.83592
0.83592
0.83592
0.83592
0.70258
0.70258
0.70258
0.70258
0.70258
0.70258
0.70258
0.70258
0.70258
0.70258
0.70258
0.70258
0.70258
0.70258
0.70258
0.70258
1.05639
1.05639
1.05639
1.05639
1.05639
1.41617
1.41617
2.28613
1.76420
1.76420
1.76420
2.42101
2.42101
2.42101
1.89673
1.89673
1.89673
3.87954
2.76451
2.76451
2.90290
2.90290
2.90290
1.82255
1.39174
1.39174
1.47235
1.47235
1.47235
1.47235
1.47235
1.47235
1.47235
2.25650
1.98151
1.98151
1.98151
1.98151
1.18498
1.18498
1.18498
1.18498
2.59420
4.49939
4.49939
4.49939
4.83153
4.89499
4.97662
2.82958
2.62384
2.51502
2.51502
2.51502
2.51502
1.57959
1.57959
1.57959
1.57959
1.28038
1.28038
1.28038
1.28038
1.28038
1.28038
1.28038
1.28038
1.28038
1.23279
1.23279
1.23279
1.23279
1.23279
1.23279
1.92311
1.92311
1.92311
1.92311
1.92311
1.92311
1.92311
1.92311
2.90708
2.90708
2.43056
2.43056
2.44204
2.44204
2.44204
2.44204
2.82882
1.65944
1.65944
0.91591
1.20832
1.20832
1.20832
1.20832
1.20832
1.20832
1.20832
1.20832
1.20832
1.20832
1.20832
1.20832
1.20832
1.20832
1.11671
1.11671
1.11671
1.11671
0.99091
0.99091
0.99091
0.99091
0.99091
1.43568
1.43568
1.43568
1.43568
