3.88616
3.88616
5.17010
5.28216
5.28216
5.28216
4.04316
4.26789
4.23147
4.19579
4.19579
4.70193
4.70193
4.70193
4.13807
3.02364
3.02364
3.02364
2.88184
2.25552
2.11562
2.11562
2.37971
2.37971
2.64296
2.64296
2.64296
2.41098
2.41098
2.41098
1.48272
1.48272
0.84650
1.03236
1.61153
1.71857
1.71857
0.65960
0.77623
0.77623
0.88833
1.44890
1.44890
0.88033
1.32700
2.03646
1.94541
1.94541
1.94541
0.88547
0.57981
0.57981
0.57981
0.57981
0.57981
0.57981
0.59869
0.59869
0.59869
0.59869
0.59869
0.59869
0.59869
0.59869
0.59869
0.59869
0.59869
0.59869
0.91394
0.91394
1.46361
1.33761
1.41990
1.41990
1.41990
0.75007
0.75007
0.75007
0.77826
0.77826
0.90467
0.90467
0.90467
0.90467
0.90467
0.77255
0.77255
0.77255
0.77255
0.77255
0.77255
0.83699
0.83699
1.99635
1.17937
1.53569
1.53569
1.53569
1.82769
1.82769
1.09496
1.09496
1.09496
0.84520
0.84520
0.84520
0.84520
0.84520
0.84520
0.84520
0.84520
0.84520
0.86723
0.86723
0.86723
0.82624
0.82624
1.40419
1.40419
0.39767
0.39767
1.45535
1.45535
1.21069
1.44581
1.04569
1.04569
1.62845
1.62845
1.85982
1.93568
0.71092
1.62686
1.06838
0.93399
1.69261
2.33295
2.15989
2.15989
2.15989
2.15989
2.15989
2.15989
2.78656
2.78656
3.60353
3.07285
3.07285
3.64428
4.12763
3.12546
2.57134
2.57134
2.57134
1.54180
2.25691
2.25691
2.60015
2.60015
2.56609
1.28355
1.28355
1.28355
1.08247
0.53550
0.53550
0.53550
1.02575
1.50275
1.50275
1.59899
1.01586
0.84560
0.84560
0.34285
0.34285
0.34285
0.34285
0.34285
0.34285
0.90221
0.90221
0.90221
0.90221
1.04784
1.04784
1.04784
1.04784
1.22027
0.56276
0.56276
0.56276
0.56276
0.64500
0.64500
0.64500
0.64500
0.64500
1.13400
1.13400
1.13400
1.13400
1.13400
1.13400
1.13400
1.13400
1.13400
1.74982
1.74982
1.10441
0.84937
0.84937
1.59566
1.59566
1.59566
1.62819
1.62819
1.62819
1.62819
1.63511
1.63511
1.63511
1.63511
1.63511
1.63511
1.63511
1.63511
1.63511
1.86904
1.86904
1.86904
1.86904
1.75440
1.75440
1.00530
1.07539
1.98673
1.98673
1.10901
1.13919
1.67203
1.67203
2.03481
1.29609
1.27246
1.18863
1.80495
1.80495
1.80495
1.04655
1.04655
1.04655
1.04655
1.04655
1.25049
1.71199
2.28567
2.28567
2.09872
1.64166
1.64166
1.37991
1.37991
1.37991
1.37991
0.92867
1.35153
1.35153
0.68181
0.68181
0.68181
0.68181
0.68181
2.08599
2.08599
1.53504
1.53504
1.53504
1.53504
0.99436
1.15818
1.20646
1.20646
1.81039
1.81039
1.76285
0.91030
0.86996
0.73667
0.73667
0.73667
0.73667
0.73667
0.73667
0.73667
0.94483
0.20188
0.20188
0.20188
0.20188
0.20188
0.20188
0.20188
0.20188
0.20188
0.20188
0.20188
0.20188
0.20188
0.20188
0.20188
0.20188
0.20188
0.20188
0.20188
0.20188
0.73221
0.73221
0.73221
1.16042
1.89295
1.89295
0.85996
1.14934
1.14934
1.14934
1.14934
0.69427
1.61382
1.61382
1.02030
1.02030
1.77652
1.77652
1.77652
0.68537
0.68537
0.68537
0.68537
0.68537
0.63212
0.63212
0.92924
0.92668
0.92668
0.92668
0.92668
1.75265
1.76435
2.50069
2.50069
2.50069
1.81764
1.83059
1.83059
1.83059
1.83059
1.88447
1.88447
1.38966
1.38966
1.38966
1.38966
1.38966
0.84032
0.88026
0.88026
0.88026
1.08401
0.73954
0.73954
0.73954
0.73954
0.73954
0.73954
0.73954
1.17945
2.00321
2.00321
2.00321
2.00321
2.00321
2.30439
1.57897
0.62428
0.62428
0.62428
0.62428
0.62428
0.62428
0.62428
0.62428
0.62428
1.65344
1.19573
1.31251
1.31251
1.80962
1.80962
1.80962
