1.60754
2.80146
2.80146
1.74492
1.74492
2.27630
2.32733
2.32733
2.00692
2.00692
3.10703
3.10703
3.10703
1.99923
2.63469
2.63469
2.63469
2.63469
2.63469
3.87438
2.52849
3.46615
3.46615
3.08802
2.61298
2.61298
3.98764
3.07543
1.83157
2.76176
2.76176
4.25848
4.25848
4.67907
4.96582
4.51917
4.29465
3.60519
3.91636
3.18726
3.50493
5.19650
5.08498
4.30937
4.52145
4.52145
5.18872
4.10427
4.69586
4.15721
3.40187
3.36381
2.86618
1.66544
1.66544
1.66544
2.78846
2.98882
2.10649
2.13414
2.13414
2.47013
4.11834
4.96578
3.94777
2.82685
2.82685
2.53426
2.53426
2.53426
3.40267
4.41347
4.41347
5.35217
5.35217
5.33177
4.40968
4.40968
4.40968
3.95922
3.95922
2.80251
2.80251
3.22459
4.16142
4.72587
4.92280
4.51538
4.12489
3.91015
4.46739
4.11311
4.20318
4.70343
4.70343
4.40322
4.98001
4.65964
5.84022
5.84022
6.74249
6.08722
6.08722
6.34093
6.34093
7.26984
8.28858
8.12560
7.94850
7.94850
7.37066
7.37066
7.21850
7.56390
7.56390
6.93889
6.46329
5.93767
6.35924
6.35924
6.34624
7.07521
6.29163
6.81838
5.67593
5.92714
7.28288
6.39300
6.88838
6.38137
6.66753
7.88760
7.88760
7.33244
7.35783
6.16564
6.16564
6.40488
6.40488
5.51476
3.93733
3.50640
2.47658
3.52738
3.52738
4.11805
2.84876
3.67008
2.38984
2.38984
1.84067
1.84067
1.84067
1.82956
1.82956
3.08333
2.17677
3.04678
2.25257
2.53020
3.55650
3.55650
3.55650
4.57403
4.19222
2.93968
3.14270
3.14270
3.14270
3.14270
3.14270
3.14270
2.78617
3.14653
2.65359
2.37201
1.68198
2.14275
2.14275
1.81060
1.81060
1.81060
3.09908
3.09908
1.36559
1.36559
2.39199
1.15877
1.23686
1.23686
1.23686
1.23686
1.23686
1.98494
1.98494
3.01369
2.66748
2.66748
3.24544
2.41499
2.06379
2.06379
2.32725
2.99748
2.99748
4.18352
3.93044
4.36693
5.49469
6.38468
6.38468
5.50055
6.20543
6.20543
6.20543
5.91584
5.60571
5.31658
5.36629
6.17030
5.44597
5.84259
5.62994
5.62994
5.39539
3.55123
3.38993
3.45190
3.45190
3.45190
3.45190
3.95549
3.95107
5.16485
5.16485
5.23312
5.23312
6.85563
7.22029
6.69684
5.42199
4.81631
4.73539
4.73539
4.59407
5.27526
4.19850
4.58563
4.77066
5.20101
5.60503
4.76095
3.99005
3.99005
4.98226
4.98226
4.67079
4.19227
4.89411
4.90970
4.18190
4.16730
4.16730
4.58333
5.81970
5.81970
6.83062
6.83062
6.36255
5.09950
4.79285
5.39638
5.05557
3.99619
3.53032
3.71796
4.15164
4.15164
4.59098
4.59098
4.42849
4.20705
4.96848
4.97559
4.27341
4.41328
4.68944
4.70747
4.70747
4.96531
4.96531
4.20840
3.55486
4.39356
4.01883
3.16835
2.46972
2.46972
2.12515
3.10486
3.10486
2.41780
2.41780
1.77281
1.77281
1.77281
1.37968
1.37968
1.37968
1.44460
1.44460
0.94393
2.34023
2.34023
2.42606
2.42606
2.99091
4.15534
3.04303
1.95125
2.14262
2.19705
2.19705
2.18697
3.00201
3.00201
3.00201
3.00201
3.00201
2.71286
2.75267
2.35640
3.62018
4.45465
3.95078
3.74813
4.14372
4.28069
4.39633
4.39633
4.39633
4.44800
3.98539
3.14788
2.60987
2.60987
2.33388
2.33388
3.09453
3.37078
4.14454
4.82329
4.45105
4.45105
2.85155
2.85155
2.85155
3.93264
4.02629
3.87235
3.35556
2.82487
1.62238
0.87734
0.87734
0.87734
1.32933
1.77785
2.79250
2.43410
2.43410
2.43410
3.09404
3.09404
3.09404
2.87604
2.19128
1.69078
2.68786
2.68786
3.59724
3.23657
4.26479
4.85638
4.85638
4.70038
4.20369
5.21240
5.21240
4.18220
4.44884
4.59914
4.94968
6.10490
6.10490
4.32277
4.32277
4.33221
4.33221
6.08691
