4.07458
4.07458
4.13549
4.13549
5.93922
5.93922
5.25394
5.12672
5.12672
4.62751
4.62751
3.96436
3.96436
5.30862
5.30862
5.38086
5.38086
5.33096
5.33096
5.06546
6.72459
7.93975
8.57022
5.81088
5.71329
6.97016
8.04127
8.02645
8.56783
7.05509
7.05509
7.81049
8.73646
8.73646
8.86746
8.86746
6.33049
6.74507
6.23247
6.23247
7.37091
6.32218
6.32218
6.35113
5.63021
5.63021
4.03785
5.48834
5.55259
3.53719
3.53719
3.53719
3.53719
6.25985
6.25985
6.25985
6.45117
6.36710
6.36710
6.36710
4.70033
7.65654
7.33584
6.74410
7.87445
7.07429
7.01296
7.67464
6.72336
6.72336
7.53516
7.80065
8.36563
10.17409
10.17409
11.73626
13.40928
11.71599
11.71599
11.71599
11.63359
10.03684
10.03684
10.46946
10.82783
10.04118
11.59587
11.31117
11.31117
11.31117
11.31117
11.24241
10.45660
7.86846
8.60827
7.98195
7.98195
7.98195
7.13024
8.04477
8.04477
7.16071
7.16071
6.96662
7.21786
7.44774
7.35705
6.92221
6.92221
7.67006
7.67006
6.77149
6.77149
2.58014
2.58014
3.12799
2.99131
2.99131
4.21560
4.21560
3.18539
4.08452
3.66838
3.66838
5.45073
4.73921
4.73921
4.73921
3.96779
3.96779
3.96779
6.32838
6.08752
6.74213
6.74213
5.41629
5.41629
2.31604
2.01411
2.01411
2.01411
3.49310
3.49310
4.23639
2.72315
3.69360
2.80982
4.03116
3.00070
3.30328
3.30328
1.81898
3.86130
4.53389
4.96322
4.96322
4.96322
2.93423
2.53583
2.53583
4.44690
4.44690
4.44690
4.44690
4.44690
2.59956
4.79141
4.79141
3.96944
3.96944
5.78767
5.07869
4.83092
4.83092
3.73735
2.13117
2.73028
3.33378
3.33378
2.20688
2.20688
2.20688
2.20688
2.66337
2.69424
2.69424
2.69424
2.85005
2.85005
2.38861
1.97802
1.97802
3.86708
3.41943
3.41943
2.97768
2.57700
3.33867
3.33867
4.87111
6.77601
5.64615
5.64615
4.21220
4.32772
4.66737
4.66737
4.44469
4.44469
1.43050
1.43050
1.43050
1.43050
1.43050
1.43050
1.43050
1.43050
1.43050
1.43050
1.43050
1.43050
1.43050
1.43050
3.55936
3.55936
2.43991
1.60370
2.71608
2.52872
2.52872
2.54373
2.54373
1.93229
2.63209
2.63209
1.64294
2.69980
2.30449
2.30449
3.47121
3.47121
3.47121
3.47121
3.47121
3.19200
3.19200
3.36495
3.75784
3.04716
3.04716
3.04716
3.04716
5.21886
5.21886
5.23379
5.24569
5.22215
4.40605
5.17459
4.12777
4.12777
4.12777
3.38546
4.21172
4.21172
4.21172
5.99950
5.99950
7.16291
7.16291
7.47135
8.58533
8.57382
6.76881
8.80271
8.80271
8.80271
8.22673
7.22213
8.24898
7.37051
7.37051
6.19672
6.19672
6.80897
6.80897
6.80897
7.88986
6.16381
6.16381
6.96042
5.09803
6.24406
5.88990
5.88990
5.46635
5.46635
5.61540
5.34460
5.34460
4.84858
4.98906
3.89588
4.43711
5.39738
5.39738
3.17462
3.17462
3.72328
3.72328
2.59736
1.57639
1.57639
1.57639
1.57639
2.33586
2.33586
2.33586
2.33586
2.61512
3.40610
4.45287
2.77156
4.55514
4.66205
4.06500
3.69276
2.75361
4.26091
4.26091
5.58002
6.95049
7.72163
6.95682
6.32979
6.32979
6.32979
5.95211
6.85629
6.85629
6.85629
6.85629
6.93935
6.64645
6.64645
4.93933
3.61263
2.27714
2.27714
2.02930
3.37535
4.01357
4.01357
3.39464
2.46390
2.77380
2.66830
2.66830
4.29748
3.08419
1.95673
1.95673
1.95673
4.69082
4.69082
3.03014
3.29097
3.29097
3.29097
4.06770
4.01858
4.01858
2.79727
2.79727
2.79727
2.79727
2.79727
3.44215
1.65956
1.65956
1.65956
3.96267
5.18770
5.18770
5.12051
5.12051
5.12051
5.12051
5.44178
5.44178
4.48678
4.22174
3.63579
3.69406
3.69406
5.19356
2.72915
2.62154
2.62154
2.62154
