5.19112                   0
5.05775            0.133374
5.01588           0.0876474
4.99127           0.0666836
4.9967           0.0519374
5.00641           0.0435048
5.00026           0.0372794
5.01819           0.0369303
5.00624           0.0346921
5.00946           0.0311962
5.02061           0.0303395
5.0162           0.0280448
5.01315           0.0259777
5.00528           0.0253039
5.00869           0.0238015
5.00867           0.0222642
5.01063           0.0210055
5.01426           0.0201346
5.02076           0.0201221
5.01911           0.0191602
5.02789           0.0202266
5.0305           0.0194614
5.03867           0.0203114
5.03474           0.0198389
5.02743           0.0203874
5.02029           0.0208474
5.02497           0.0205998
5.02503           0.0198505
5.02508           0.0191539
5.02619           0.0185373
5.02798           0.0180183
5.02328           0.0180675
5.02542           0.0176414
5.02457           0.0171357
5.02603            0.016703
5.02768           0.0163158
5.02488           0.0161131
5.02326           0.0157665
5.02012           0.0156754
5.01593           0.0158421
5.02051           0.0161146
5.01929           0.0157735
5.01755           0.0154995
5.01866           0.0151833
5.01701           0.0149338
5.01671           0.0146085
5.0157           0.0143304
5.01109           0.0147668
5.01002           0.0145017
5.01254           0.0144308
5.0096           0.0144477
5.01571           0.0154292
5.017           0.0151905
5.01676           0.0149086
5.01415           0.0148662
5.0159           0.0147037
5.01615           0.0144454
5.01622           0.0141944
5.01472           0.0140327
5.01526           0.0138075
5.01437           0.0136082
5.01723           0.0136891
5.01521           0.0136206
5.01409           0.0134532
5.01083           0.0136396
5.0139           0.0137769
5.01389           0.0135697
5.01542           0.0134562
5.01368           0.0133728
5.01099           0.0134528
5.00745           0.0137266
5.00792           0.0135429
5.00754           0.0133616
5.00621           0.0132461
5.00431           0.0132066
5.00523           0.0130643
5.00443           0.0129184
5.00623           0.0128783
5.00718           0.0127499
5.00316           0.0132152
5.0026           0.0130634
5.00155           0.0129453
5.00278           0.0128472
5.00194            0.012721
4.99909           0.0128891
4.99884           0.0127409
4.99694           0.0127352
4.9958           0.0126416
4.99357            0.012696
4.99456           0.0125934
4.99241           0.0126392
4.99271           0.0125048
4.99244           0.0123725
4.99421           0.0123668
4.99507           0.0122662
4.9968           0.0122608
4.99494           0.0122765
4.99433           0.0121658
4.99452           0.0120438
4.99452           0.0119228
4.99256            0.011966
4.99244           0.0118487
4.99208           0.0117387
4.99166            0.011633
4.9907           0.0115615
4.98852           0.0116573
4.99075            0.011762
4.99108           0.0116573
4.99142           0.0115546
4.99088           0.0114615
4.99036           0.0113701
4.98971           0.0112866
4.98859           0.0112417
4.98909           0.0111539
4.98775           0.0111373
4.98668           0.0110933
4.98616           0.0110104
4.98651           0.0109224
4.98759           0.0108841
4.9877           0.0107936
4.98589            0.010856
4.98447           0.0108606
4.98474           0.0107754
4.98415           0.0107048
4.98468           0.0106324
4.98486           0.0105491
4.98663           0.0106146
4.98662           0.0105314
4.98654           0.0104497
4.98723           0.0103919
4.98715           0.0103125
4.98694           0.0102362
4.98693            0.010159
4.98749           0.0100985
4.98792           0.0100325
4.98915           0.0100347
4.989          0.00996233
4.99202           0.0103386
4.99236           0.0102697
4.9912           0.0102612
4.99055           0.0102092
4.98961           0.0101802
4.99044           0.0101427
4.99117           0.0100985
4.99044           0.0100555
4.99046          0.00998638
4.98918           0.0100001
4.98889          0.00993677
4.98972          0.00990514
4.98971          0.00983889
4.9902          0.00978552
4.98981          0.00972863
4.99091           0.0097267
4.99109          0.00966513
4.991          0.00960305
4.99138          0.00954883
4.99289          0.00960764
4.99312          0.00954957
4.99232          0.00952344
4.99261          0.00946834
4.99367          0.00946867
4.99252          0.00948038
4.99215          0.00942923
4.99246          0.00937678
4.99107          0.00942285
4.9909          0.00936752
4.99257          0.00945972
4.99256          0.00940324
4.99187          0.00937297
4.99222          0.00932397
4.99306          0.00930757
4.994          0.00930093
4.99411          0.00924764
4.99478          0.00921888
4.99615          0.00926829
4.99602          0.00921648
4.99491          0.00923105
4.99634          0.00929087
4.99697           0.0092599
4.99794          0.00925973
4.99713          0.00924461
4.9981          0.00924513
4.99651          0.00933072
4.99675          0.00928303
4.99671          0.00923282
4.99725          0.00919919
4.99703          0.00915271
4.99758          0.00912056
4.9975          0.00907253
4.99737          0.00902547
4.99633          0.00903909
4.99647          0.00899305
4.99626          0.00894885
4.9971          0.00894234
4.99747          0.00890404
4.99721          0.00886241
4.9965          0.00884547
4.99695            0.008812
4.99645           0.0087817
4.9957          0.00876955
