1.42954                   0
1.47973           0.0501959
1.46064           0.0347067
1.46122           0.0245482
1.45267            0.020848
1.46834           0.0231377
1.48079           0.0231819
1.48063           0.0200767
1.48574           0.0184277
1.48579           0.0164823
1.4798           0.0160693
1.47781           0.0148027
1.48075           0.0139298
1.48831           0.0149469
1.4947           0.0153147
1.49052            0.014924
1.49417           0.0144861
1.49708           0.0139629
1.49246           0.0139906
1.49263           0.0132737
1.4861            0.014213
1.49024           0.0141709
1.48609           0.0141629
1.4888           0.0138285
1.48987           0.0133063
1.48902           0.0128121
1.49107           0.0124981
1.49289           0.0121791
1.49175           0.0118068
1.49062           0.0114623
1.48551           0.0122059
1.48815           0.0121106
1.48695           0.0117992
1.49124           0.0122243
1.48979           0.0119585
1.49036           0.0116357
1.4915           0.0113736
1.49209           0.0110859
1.49235            0.010801
1.49275           0.0105351
1.49308           0.0102802
1.49229           0.0100633
1.49019           0.0100492
1.49259           0.0101081
1.49196          0.00990097
1.49295          0.00973398
1.49376          0.00955898
1.4932          0.00937471
1.49723           0.0100301
1.49841          0.00989735
1.50029          0.00988146
1.50176          0.00980085
1.4996          0.00985294
1.4972          0.00996203
1.49605          0.00984735
1.49627          0.00967244
1.49551          0.00953138
1.49738          0.00955087
1.49985            0.009706
1.49855          0.00963095
1.49908           0.0094867
1.49822          0.00937258
1.49659          0.00936405
1.49752          0.00926299
1.49894          0.00922901
1.49832           0.0091093
1.49723          0.00903805
1.49766          0.00891455
1.49737          0.00878906
1.49648          0.00870907
1.49862          0.00884919
1.49773          0.00877064
1.49888          0.00872586
1.49957          0.00863449
1.50099          0.00863576
1.50265          0.00868209
1.50139          0.00866102
1.50171          0.00855549
1.50112          0.00846709
1.50135          0.00836364
1.5019          0.00827817
1.50058          0.00828257
1.50017          0.00819253
1.49992          0.00809822
1.50102          0.00807734
1.50065           0.0079915
1.50002          0.00792404
1.50107          0.00790409
1.49988          0.00790518
1.49952          0.00782514
1.49893           0.0077611
1.4982            0.007711
1.49979          0.00779217
1.50007          0.00771376
1.50126          0.00772427
1.50119           0.0076437
1.50117          0.00756453
1.50085          0.00749382
1.50083          0.00741776
1.49913          0.00753688
1.49938          0.00746609
1.50019          0.00743704
1.4997          0.00738073
1.50066          0.00737237
1.50007          0.00732565
1.50056          0.00727234
1.50018          0.00721406
1.50071          0.00716636
1.49985          0.00715117
1.50071          0.00713788
1.50063          0.00707379
1.5012          0.00703321
1.50084          0.00697967
1.50227          0.00706479
1.50159          0.00703644
1.50126          0.00698321
1.50196          0.00695879
1.5022          0.00690354
1.50214          0.00684551
1.50197          0.00679036
1.50138          0.00676026
1.50169          0.00671201
1.50177          0.00665765
1.50145          0.00661139
1.50077           0.0065932
1.50027          0.00656014
1.5005          0.00651231
1.4999          0.00648901
1.4996          0.00644529
1.49922          0.00640681
1.49912          0.00635851
1.49977          0.00634315
1.50009          0.00630342
1.49989          0.00625934
1.49933          0.00623792
1.4988          0.00621474
1.49941          0.00619968
1.49946           0.0061548
1.49868          0.00616063
1.4985          0.00611893
1.49755          0.00614911
1.49788          0.00611435
1.49712           0.0061191
1.49659          0.00609967
1.4974          0.00611192
1.49742          0.00606994
1.49724          0.00603121
1.49722          0.00599033
1.49753          0.00595794
1.49751          0.00591814
1.49746            0.005879
1.49773          0.00584662
1.49725          0.00582805
1.49817          0.00586199
1.49879          0.00585742
1.49904          0.00582507
1.49927          0.00579254
1.49872          0.00578281
1.49832          0.00576014
1.49886          0.00574935
1.4991          0.00571883
1.49875          0.00569415
1.49837          0.00567227
1.49856           0.0056409
1.4988          0.00561191
1.49844          0.00558988
1.49796          0.00557689
1.49715          0.00560203
1.49795           0.0056256
1.49721          0.00564121
1.49705          0.00561043
1.49753          0.00559799
1.49808          0.00559347
1.49902          0.00563964
1.49954          0.00563083
1.49908          0.00561768
1.49947          0.00560013
1.49988          0.00558308
1.4996          0.00555869
1.50034          0.00557637
1.50117          0.00560761
1.50039          0.00563076
1.50106           0.0056402
1.5003          0.00566128
1.4996          0.00567387
1.49946           0.0056449
1.49912          0.00562497
1.49891          0.00559917
1.4992          0.00557729
1.49948          0.00555468
1.49978           0.0055336
1.49939          0.00551825
1.49948          0.00549029
1.49956          0.00546258
1.49943          0.00543622
1.4996          0.00541137
1.50002          0.00540021
1.5003          0.00537973
1.5002          0.00535346
1.50039          0.00532978
