4.81363                   0
4.9127           0.0990761
4.92759           0.0591077
4.89874           0.0507865
4.86168           0.0540447
4.88995           0.0524025
4.90753           0.0476509
4.90808           0.0412705
4.9026           0.0368073
4.88424           0.0376953
4.91559           0.0463172
4.93164            0.045226
4.915           0.0448049
4.90704           0.0422395
4.90432           0.0394168
4.90987           0.0372875
4.91473           0.0353606
4.91733           0.0334399
4.91374           0.0318347
4.9132           0.0302059
4.89919           0.0319614
4.89456           0.0308238
4.88924           0.0299301
4.90725           0.0338463
4.91739           0.0340108
4.91465           0.0327912
4.92252           0.0325186
4.92608           0.0315381
4.92511           0.0304467
4.92404           0.0294337
4.92607           0.0285404
4.92558           0.0276385
4.92511            0.026792
4.92453           0.0259985
4.93796           0.0285955
4.93742           0.0277951
4.94605           0.0283783
4.95121           0.0280984
4.95766           0.0281171
4.96062           0.0275646
4.96965            0.028361
4.96575           0.0279501
4.96493           0.0273048
4.9616           0.0268843
4.96597            0.026641
4.96837           0.0261659
4.97376           0.0261641
4.97634           0.0257431
4.97759            0.025243
4.9803           0.0248807
4.97729           0.0245724
4.98175           0.0245046
4.98257           0.0240517
4.98427           0.0236635
4.98334           0.0232481
4.97983           0.0230973
4.97965           0.0226892
4.98078           0.0223232
4.97998            0.021956
4.98594           0.0223938
4.98838           0.0221587
4.98258           0.0225557
4.97727           0.0228233
4.97269           0.0229241
4.97547           0.0227388
4.9765           0.0224153
4.97705            0.022085
4.97641           0.0217673
4.983           0.0224377
4.98346           0.0221198
4.98948           0.0226211
4.99271            0.022537
4.98804           0.0227109
4.98477           0.0226394
4.98477           0.0223355
4.98999           0.0226495
4.98917           0.0223686
4.98878           0.0220834
4.99349           0.0223049
4.99452           0.0220483
4.99693           0.0219077
4.99641           0.0216452
4.99467           0.0214533
4.99331           0.0212399
4.99194           0.0210334
4.99334           0.0208347
4.99418           0.0206111
4.99311           0.0204038
4.99196            0.020206
4.99139           0.0199882
4.99159           0.0197683
4.99263           0.0195798
4.9928           0.0193689
4.99029            0.019326
4.98744           0.0193321
4.98587            0.019194
4.9849           0.0190199
4.98737           0.0189857
4.98882           0.0188488
4.98995           0.0186938
4.98809           0.0186012
4.98458           0.0187498
4.98399           0.0185763
4.98409           0.0183971
4.98479           0.0182345
4.98187           0.0182967
4.98064           0.0181668
4.98131           0.0180104
4.97958           0.0179286
4.97881           0.0177815
4.98034           0.0176875
4.98019           0.0175295
4.97951            0.017387
4.97964           0.0172343
4.97932           0.0170867
4.98299           0.0173327
4.98299           0.0171839
4.98008           0.0172838
4.97943           0.0171501
4.97764           0.0171013
4.97975           0.0170911
4.98139           0.0170292
4.98056           0.0169108
4.98161           0.0168071
4.98102           0.0166827
4.97922           0.0166477
4.97766           0.0165894
4.97897           0.0165111
4.98197           0.0166559
4.98123            0.016544
4.98003           0.0164609
4.98164           0.0164146
4.98088           0.0163084
4.98055           0.0161896
4.97951            0.016103
4.97893           0.0159946
4.97781           0.0159172
4.9814           0.0162045
4.98204           0.0161002
4.98214           0.0159851
4.98151           0.0158837
4.98203           0.0157799
4.98277           0.0156865
4.98245           0.0155804
4.98456           0.0156166
4.98549           0.0155367
4.98567           0.0154317
4.98755           0.0154423
4.98634           0.0153861
4.98718           0.0153061
4.98493           0.0153694
4.98562           0.0152835
4.98772           0.0153281
4.98772           0.0152282
4.98699           0.0151472
4.9865           0.0150575
4.98691           0.0149669
4.98633           0.0148834
4.98839            0.014932
4.98961           0.0148889
4.98952           0.0147964
4.98944            0.014705
4.98997           0.0146242
4.99069           0.0145526
4.98915           0.0145454
4.98954           0.0144626
4.98977           0.0143775
4.99161           0.0144097
4.99036           0.0143783
4.98907           0.0143511
4.98995           0.0142939
4.98867           0.0142678
4.98935           0.0142013
4.99099           0.0142139
4.99221           0.0141855
4.99394           0.0142104
4.99345           0.0141385
4.99159           0.0141809
4.99115           0.0141084
4.98951           0.0141262
4.99044           0.0140787
4.99051           0.0140013
4.98773           0.0141982
4.98826           0.0141306
4.98754           0.0140722
4.98729           0.0139985
4.98613            0.013972
4.98612           0.0138975
4.98529           0.0138485
4.9863           0.0138125
4.98676           0.0137477
4.98822           0.0137528
4.98781           0.0136874
4.98787           0.0136168
4.98748           0.0135524
4.98823           0.0135038
4.98791           0.0134389
4.987            0.013402
4.98596           0.0133745
4.98668            0.013327
