1.43189                   0
1.45417           0.0222823
1.48653           0.0348216
1.47448           0.0274134
1.4757           0.0212695
1.48981           0.0223727
1.48483           0.0195522
1.48939           0.0175359
1.49433           0.0162355
1.50102           0.0159864
1.50231           0.0145175
1.49743           0.0141207
1.49988           0.0132171
1.50043            0.012249
1.49888           0.0115074
1.50364           0.0117689
1.5084           0.0120366
1.50538            0.011742
1.50545            0.011107
1.50523           0.0105392
1.49888           0.0118667
1.4998            0.011352
1.50126           0.0109439
1.50064           0.0104958
1.50419           0.0106731
1.50437            0.010256
1.50591          0.00998789
1.50811          0.00987196
1.50744          0.00954872
1.50743          0.00922495
1.50827          0.00896161
1.50961          0.00878054
1.50931          0.00851568
1.50799          0.00836662
1.50775          0.00812742
1.50897          0.00799162
1.50745           0.0079197
1.50784          0.00771821
1.50647          0.00764109
1.50515          0.00756477
1.50283          0.00773296
1.50232          0.00756345
1.50014          0.00770202
1.49962          0.00754269
1.49995          0.00738038
1.49859          0.00734441
1.49808          0.00720466
1.49936          0.00716814
1.49916           0.0070233
1.49635          0.00743081
1.49638          0.00728371
1.49603          0.00715095
1.49588           0.0070162
1.49425          0.00707537
1.49456          0.00695241
1.49395          0.00685485
1.49216          0.00696676
1.49395          0.00707519
1.4945          0.00697612
1.49399           0.0068775
1.4944          0.00677572
1.49582          0.00681619
1.49422          0.00689448
1.49403          0.00678877
1.49426          0.00668774
1.49545           0.0066918
1.49553          0.00659165
1.49434          0.00660247
1.49406          0.00651223
1.4931          0.00648915
1.49295           0.0063989
1.49437          0.00646699
1.49451          0.00637935
1.49509          0.00631879
1.4958          0.00627533
1.49588          0.00619269
1.49699          0.00621051
1.49704          0.00613061
1.49669          0.00606267
1.49686          0.00598891
1.49564           0.0060401
1.49553          0.00596702
1.49577          0.00589965
1.49555          0.00583327
1.49477          0.00581646
1.4968          0.00609776
1.49651           0.0060345
1.49673          0.00596955
1.49702          0.00590942
1.49624          0.00589546
1.4961            0.005832
1.4967          0.00579978
1.49758          0.00580398
1.49772          0.00574355
1.49789          0.00568539
1.49648          0.00580066
1.49625          0.00574498
1.49701          0.00573679
1.4969           0.0056796
1.49648          0.00563862
1.49783          0.00574505
1.49773          0.00568932
1.49745          0.00564123
1.49827          0.00564716
1.49816          0.00559424
1.49828          0.00554261
1.49824          0.00549075
1.49909          0.00550543
1.49815          0.00553423
1.49814           0.0054837
1.49864          0.00545679
1.49877           0.0054093
1.49898          0.00536545
1.49953          0.00534627
1.49909          0.00531795
1.49902          0.00527231
1.49873          0.00523486
1.49814          0.00522371
1.49805          0.00518042
1.49821          0.00513934
1.49851          0.00510567
1.49781          0.00511233
1.49755          0.00507685
1.49706          0.00506019
1.49731          0.00502601
1.49732          0.00498597
1.49681          0.00497276
1.49692          0.00493502
1.49682          0.00489764
1.49753          0.00491183
1.49777          0.00487978
1.49717          0.00487968
1.49663          0.00487267
1.49738          0.00489395
1.49812          0.00491343
1.49748          0.00491797
1.4978           0.0048918
1.49809            0.004865
1.49839          0.00483948
1.4985          0.00480597
1.49853          0.00477188
1.4987          0.00474114
1.49854          0.00471058
1.49794          0.00471638
1.4981          0.00468671
1.49817          0.00465494
1.4981          0.00462365
1.4977          0.00461003
1.49773          0.00457907
1.49721          0.00457774
1.49736          0.00454991
1.49745           0.0045208
1.4972          0.00449829
1.49715          0.00446932
1.49715          0.00444039
1.49775           0.0044528
1.49796          0.00442954
1.4984          0.00442307
1.49899          0.00443505
1.49913          0.00440923
1.49914          0.00438178
1.49896          0.00435832
1.49876          0.00433614
1.49871           0.0043099
1.49858           0.0042857
1.49893          0.00427459
1.49945          0.00428067
1.50025          0.00432906
1.50057          0.00431487
1.50034          0.00429517
1.50053          0.00427398
1.50079          0.00425726
1.50022          0.00427136
1.50064          0.00426763
1.50075          0.00424461
1.50076          0.00422044
1.50045          0.00420809
1.50099          0.00421867
1.50095          0.00419521
1.5001          0.00425843
1.50046          0.00425024
1.50059          0.00422888
1.50036          0.00421173
1.50073          0.00420508
1.50126          0.00421533
1.50142          0.00419579
1.50109          0.00418665
1.50131          0.00417012
1.50187          0.00418583
1.50187          0.00416375
1.50208          0.00414746
1.50223          0.00412855
1.50247          0.00411427
1.50261          0.00409512
1.50259          0.00407411
1.50283          0.00406066
1.50344           0.0040859
1.50304          0.00408468
1.50313          0.00406498
1.50299          0.00404687
