              1         8.1244         8.1244              0
              2        8.07728        8.10084      0.0235592
              3        8.07728        8.09299      0.0157061
              4        8.07728        8.08906      0.0117796
              5        8.13329        8.09791      0.0127084
              6        8.11097        8.10009      0.0106022
              7        8.11097        8.10164     0.00909435
              8        8.11097        8.10281     0.00796179
              9        8.11097        8.10371     0.00707997
             10        8.10701        8.10404     0.00634108
             11        8.10652        8.10427     0.00574014
             12        8.10652        8.10446     0.00524336
             13        8.10652        8.10461      0.0048258
             14        8.10652        8.10475     0.00446989
             15        8.10652        8.10487     0.00416291
             16        8.10652        8.10497     0.00389541
             17        8.10337        8.10488     0.00366031
             18        8.10288        8.10477     0.00345276
             19        8.10288        8.10467     0.00326749
             20        8.10288        8.10458      0.0031011
             21        8.10288         8.1045     0.00295084
             22        8.10288        8.10442     0.00281447
             23        8.08997         8.1038     0.00276174
             24        8.06702        8.10226     0.00305597
             25        8.06702        8.10085     0.00325248
             26        8.06702        8.09955     0.00338493
             27        8.06702        8.09835     0.00347281
             28        7.98754        8.09439     0.00518258
             29        7.86858         8.0866     0.00925417
             30        7.87004        8.07938       0.011491
             31        7.87832         8.0729      0.0128683
             32        7.87832        8.06682      0.0138642
             33        7.89797         8.0617      0.0143787
             34        7.95006        8.05842      0.0143306
             35        7.95006        8.05532      0.0142554
             36        7.95006         8.0524       0.014159
             37        7.95006        8.04963       0.014046
             38        7.94865        8.04697      0.0139273
             39        7.94222        8.04429      0.0138288
             40        7.94222        8.04174      0.0137181
             41        7.91241        8.03858      0.0137461
             42        7.90082         8.0353        0.01381
             43        7.90082        8.03217       0.013843
             44        7.90082        8.02919      0.0138503
             45        7.90236        8.02637      0.0138292
             46        8.00683        8.02595      0.0135319
             47        8.01179        8.02565      0.0132443
             48        8.01179        8.02536      0.0129687
             49        7.93695        8.02355      0.0128287
             50        7.95114         8.0221      0.0126527
