              1       -7.45439       -7.45439              0
              2       -7.46237       -7.45838     0.00399066
              3       -7.46237       -7.45971     0.00266044
              4       -7.46237       -7.46038     0.00199533
              5        -7.4514       -7.45858     0.00236865
              6       -7.45551       -7.45807     0.00200058
              7       -7.45551        -7.4577     0.00172987
              8       -7.45551       -7.45743       0.001523
              9       -7.45551       -7.45722     0.00135999
             10       -7.45563       -7.45706     0.00122675
             11       -7.45564       -7.45693     0.00111708
             12       -7.45564       -7.45682     0.00102538
             13       -7.45564       -7.45673    0.000947569
             14       -7.45564       -7.45665    0.000880722
             15       -7.45564       -7.45659    0.000822676
             16       -7.45564       -7.45653    0.000771802
             17       -7.45681       -7.45654    0.000725179
             18         -7.457       -7.45657    0.000684171
             19         -7.457       -7.45659    0.000647555
             20         -7.457       -7.45661     0.00061466
             21         -7.457       -7.45663    0.000584947
             22         -7.457       -7.45665    0.000557976
             23       -7.45909       -7.45675    0.000543659
             24       -7.46282       -7.45701    0.000578556
             25       -7.46282       -7.45724    0.000601617
             26       -7.46282       -7.45745    0.000616529
             27       -7.46282       -7.45765    0.000625616
             28       -7.47736       -7.45836    0.000926647
             29       -7.49766       -7.45971     0.00162383
             30       -7.49743       -7.46097     0.00201048
             31       -7.49611        -7.4621      0.0022509
             32       -7.49611       -7.46316     0.00242478
             33        -7.4926       -7.46406     0.00251376
             34       -7.48373       -7.46464     0.00250639
             35       -7.48373       -7.46518     0.00249411
             36       -7.48373        -7.4657     0.00247798
             37       -7.48373       -7.46618     0.00245886
             38       -7.48395       -7.46665     0.00243849
             39       -7.48494       -7.46712     0.00242099
             40       -7.48494       -7.46757     0.00240136
             41       -7.49005       -7.46811     0.00240544
             42       -7.49204       -7.46868     0.00241563
             43       -7.49204       -7.46923     0.00242054
             44       -7.49204       -7.46975     0.00242108
             45       -7.49178       -7.47023     0.00241679
             46       -7.47331        -7.4703     0.00236461
             47       -7.47176       -7.47033     0.00231396
             48       -7.47176       -7.47036     0.00226544
             49       -7.48368       -7.47063      0.0022353
             50       -7.48009       -7.47082     0.00219829
